vetor pesos sinapticos original:
0.690023 0.560900 0.786798 0.444472 0.412152 0.346507 0.552171 0.846126 0.920560 0.261483 0.746513 
0.666036 0.590045 0.851711 0.220985 0.384259 0.379467 0.543809 0.285897 0.798975 0.207251 0.143498 
0.341105 0.760002 0.875912 0.687185 0.445845 0.084078 0.451491 0.928373 0.984680 0.182745 0.504440 
0.240120 0.084658 0.434706 0.118015 0.215003 0.941679 0.833216 0.070559 0.743065 0.710196 0.940519 
0.097873 0.849879 0.114597 0.679800 0.641743 0.075716 0.436872 0.996521 0.991302 0.676840 0.037843 
0.920042 0.222968 0.430128 0.067721 0.056887 0.845790 0.322794 0.522355 0.046999 0.557665 0.908017 
0.301431 0.013947 0.019593 0.607593 0.425001 0.540757 0.053468 0.743553 0.064272 0.202063 0.169958 
0.579150 0.543291 0.184576 0.832942 0.151067 0.967315 0.026399 0.366222 0.173803 0.634754 0.006653 
0.909391 0.797632 0.888241 0.217078 0.328349 0.501267 0.561571 0.846248 0.487686 0.900693 0.678549 
0.707938 0.790063 0.754936 0.560045 0.545122 0.389966 0.950774 0.995544 0.140355 0.987182 0.746910 
0.635212 0.764153 0.606555 0.059145 0.259255 0.992401 0.270791 0.068239 0.080203 0.424451 0.971526 
0.930570 0.734733 0.332469 0.845729 0.874142 0.121036 0.774041 0.963622 0.460585 0.738701 0.198431 
0.633717 0.293985 0.685904 0.078982 0.632130 0.958678 0.971953 0.601367 0.261635 0.466567 0.299783 
0.940153 0.647420 0.995575 0.976104 0.154454 0.174932 0.200232 0.104038 0.234138 0.476974 0.876003 
0.715873 0.327128 0.875698 0.258065 0.000885 0.680227 0.685965 0.736412 0.285836 0.323649 0.286172 
0.267983 0.922971 0.031281 0.363140 0.267525 0.742790 0.587268 0.236854 0.257973 0.227699 0.890561 
0.671651 0.062044 0.062380 0.928922 0.079867 0.816156 0.217200 0.152806 0.524674 0.587390 0.221534 
0.281381 0.427290 0.875973 0.782403 0.070925 0.386364 0.783105 0.405194 0.077944 0.014252 0.126408 
0.172765 0.947203 0.197516 0.283822 0.338572 0.256478 0.687399 0.047121 0.890927 0.449660 0.426466 
0.266732 0.743950 0.888241 0.518113 0.568499 0.711936 0.553758 0.244697 0.924284 0.922910 0.431776 
0.040773 0.356944 0.828089 0.108524 0.827784 0.561815 0.463240 0.611988 0.616077 0.724967 0.118229 
0.028047 0.781060 0.320292 0.071078 0.923765 0.919248 0.166295 0.542528 0.107883 0.690542 0.523850 
0.527848 0.761193 0.553362 0.516221 0.661672 0.466506 0.798486 0.652577 0.772332 0.171178 0.787744 
0.736473 0.281716 0.611621 0.804407 0.940031 0.107608 0.232582 0.420972 0.325571 0.223487 0.131596 
0.790735 0.595935 0.533341 0.060030 0.769494 0.354045 0.216987 0.012024 0.273568 0.654012 0.202429 
0.432752 0.780602 0.124302 0.921232 0.576861 0.378582 0.444380 0.003449 0.048616 0.270882 0.456130 
0.068422 0.055025 0.141667 0.691336 0.267312 0.402936 0.289560 0.596515 0.733848 0.771752 0.934782 
0.236000 0.599597 0.292489 0.606555 0.755119 0.730033 0.965026 0.016724 0.384014 0.837336 0.944243 
0.325968 0.264168 0.126530 0.226844 0.208930 0.878109 0.131199 0.769463 0.624317 0.363842 0.894498 
0.569872 0.696280 0.495743 0.152562 0.742454 0.613666 0.612201 0.675954 0.118625 0.952727 0.271981 
0.425367 0.404553 0.330119 0.920530 0.678488 0.426069 0.792291 0.346904 0.783288 0.493118 0.847072 
0.213355 0.694876 0.414747 0.544664 0.438276 0.951720 0.195196 0.513260 0.713767 0.247444 0.943510 
0.356151 0.939451 0.254769 0.026673 0.316385 0.853359 0.857631 0.998718 0.615314 0.641652 0.447432 
0.335978 0.371105 0.807581 0.440596 0.510666 0.503769 0.081942 0.672445 0.433180 0.532517 0.655751 
0.824732 0.795129 0.672109 0.515854 0.542375 0.343760 0.134281 0.166295 0.396069 0.619526 0.040468 
0.514786 0.346690 0.187536 0.852077 0.206946 0.868038 0.894620 0.724509 0.188910 0.383831 0.182684 
0.691641 0.779778 0.175756 0.990600 0.086032 0.034791 0.418104 0.274422 0.102298 0.681356 0.495773 
0.678762 0.908933 0.407941 0.261788 0.389142 0.215155 0.788110 0.390423 0.697806 0.699728 0.620533 
0.482253 0.313211 0.206305 0.966216 0.077486 0.945250 0.113620 0.664113 0.233772 0.196844 0.785150 
0.606891 0.824641 0.293741 0.505173 0.557176 0.214820 0.683096 0.807733 0.786584 0.469039 0.032685 
0.603961 0.317850 0.749901 0.661702 0.014924 0.052034 0.061800 0.934446 0.315531 0.561571 0.996643 
0.648030 0.895962 0.830561 0.637623 0.945799 0.647145 0.723716 0.277841 0.786950 0.676260 0.464980 
0.109165 0.504410 0.758446 0.907193 0.538499 0.481735 0.431135 0.874020 0.286752 0.480209 0.137364 
0.355266 0.927854 0.648000 0.323893 0.837336 0.022767 0.741752 0.900906 0.549120 0.506333 0.592639 
0.969115 0.905759 0.481307 0.347667 0.220801 0.930418 0.077731 0.517655 0.920927 0.936277 0.532548 
0.363048 0.874447 0.249123 0.146153 0.649068 0.286355 0.252449 0.272439 0.300882 0.920530 0.536058 
0.998016 0.990875 0.463546 0.429304 0.667165 0.188391 0.499985 0.700583 0.909055 0.703940 0.005097 
0.703726 0.322642 0.258553 0.761620 0.753258 0.476547 0.109897 0.606281 0.009339 0.379162 0.266396 
0.912961 0.653523 0.076144 0.320078 0.218268 0.637013 0.530778 0.430464 0.396039 0.782281 0.443983 
0.489364 0.286691 0.519669 0.169927 0.999207 0.188208 0.039613 0.383709 0.695059 0.114536 0.142674 
0.657002 0.442335 0.227821 0.567492 0.598468 0.440962 0.350719 0.078921 0.714713 0.267403 0.965087 
0.097201 0.648061 0.786126 0.603198 0.148991 0.947813 0.461013 0.037812 0.922361 0.030732 0.098788 
0.177343 0.206244 0.487472 0.555254 0.072298 0.496231 0.390545 0.435377 0.939268 0.547105 0.760979 
0.319224 0.608936 0.654561 0.849086 0.544206 0.303903 0.946104 0.386090 0.075350 0.153081 0.463240 
0.462691 0.494644 0.348521 0.316050 0.190680 0.640828 0.350963 0.690878 0.804407 0.930784 0.050813 
0.993286 0.357250 0.893948 0.290170 0.906522 0.671010 0.950529 0.652394 0.647725 0.692434 0.965606 
0.925718 0.202246 0.915128 0.609363 0.146764 0.818079 0.021485 0.055666 0.630604 0.540941 0.402142 
0.049379 0.893002 0.071963 0.707999 0.874416 0.871883 0.728751 0.092288 0.253090 0.353618 0.791131 
0.298135 0.708823 0.011017 0.012970 0.247780 0.422376 0.958220 0.581469 0.290475 0.114109 0.230110 
0.304544 0.764611 0.982391 0.091464 0.308420 0.030335 0.230110 0.582415 0.025788 0.629749 0.210395 
0.206580 0.756859 0.729423 0.722617 0.168126 0.583056 0.503159 0.489853 0.063540 0.916410 0.610157 
0.349803 0.435286 0.464248 0.424848 0.189093 0.092380 0.891598 0.175512 0.153722 0.605457 0.961730 
0.646809 0.165441 0.881405 0.436872 0.603351 0.276650 0.224555 0.519700 0.590075 0.893948 0.790551 
0.117008 0.265908 0.402417 0.838649 0.707175 0.926847 0.221351 0.689657 0.092044 0.374584 0.822962 
0.794671 0.815302 0.787408 0.745079 0.821741 0.527482 0.749107 0.129551 0.166204 0.080203 0.092227 
0.817042 0.791223 0.629505 0.712363 0.529496 0.804407 0.530686 0.008942 0.172491 0.677297 0.305094 
0.109775 0.787164 0.513565 0.460738 0.534471 0.184149 0.272164 0.447218 0.453963 0.790643 0.352062 
0.527268 0.201910 0.740928 0.444319 0.844935 0.194098 0.743095 0.058107 0.472793 0.912687 0.751793 
0.626820 0.718589 0.110569 0.979186 0.600452 0.473037 0.893521 0.274819 0.430586 0.879910 0.834498 
0.406354 0.854244 0.109561 0.778466 0.271126 0.382672 0.517319 0.492141 0.571459 0.401715 0.967620 
0.816065 0.983520 0.789544 0.605884 0.474685 0.351909 0.458205 0.858455 0.201117 0.940703 0.725394 
0.942595 0.332469 0.272347 0.922575 0.667318 0.531999 0.585986 0.145360 0.806543 0.794763 0.445784 
0.553270 0.825892 0.392438 0.531297 0.123905 0.243965 0.914151 0.140233 0.269051 0.410016 0.058779 
0.436018 0.217963 0.978515 0.336131 0.970000 0.574694 0.862453 0.331858 0.510941 0.955351 0.946348 
0.693655 0.712058 0.111759 0.340312 0.494034 0.647176 0.447890 0.456313 0.126560 0.747551 0.334574 
0.687948 0.391339 0.169988 0.129948 0.975097 0.926267 0.128147 0.310739 0.034394 0.640370 0.217780 
0.621448 0.537309 0.305124 0.267464 0.647114 0.016236 0.960417 0.745994 0.716300 0.780877 0.291086 
0.257485 0.540422 0.625141 0.630482 0.155919 0.495621 0.606830 0.747185 0.809870 0.953307 0.680441 
0.071230 0.548784 0.566057 0.464797 0.516037 0.822504 0.914762 0.926969 0.552171 0.604480 0.423078 
0.263009 0.689474 0.570788 0.946196 0.757653 0.023530 0.085513 0.939177 0.903409 0.002899 0.524125 
0.612079 0.561052 0.073336 0.966033 0.977264 0.441908 0.355052 0.787317 0.195746 0.694205 0.009552 
0.185522 0.128758 0.873562 0.452284 0.166875 0.500229 0.080111 0.066958 0.027955 0.577197 0.542528 
0.578326 0.862575 0.773949 0.430555 0.739250 0.125462 0.086154 0.177496 0.488601 0.783746 0.761528 
0.093600 0.236030 0.087436 0.112735 0.551683 0.429945 0.490677 0.879635 0.526353 0.064974 0.754265 
0.045839 0.767968 0.285073 0.761193 0.517655 0.392560 0.738701 0.076357 0.569414 0.169103 0.842036 
0.781793 0.463607 0.285287 0.606800 0.618061 0.150609 0.872982 0.188787 0.964263 0.454817 0.074648 
0.813105 0.686453 0.653371 0.932463 0.232856 0.387005 0.853755 0.880306 0.377331 0.085299 0.076357 
0.120945 0.345653 0.861507 0.448683 0.669210 0.402509 0.494095 0.416547 0.342204 0.132145 0.623554 
0.379711 0.478347 0.406751 0.471725 0.657277 0.665761 0.325388 0.649922 0.189337 0.262215 0.780328 
0.085543 0.881588 0.986847 0.805994 0.599597 0.998291 0.365612 0.367809 0.165258 0.510605 0.311625 
0.746605 0.380139 0.806299 0.621265 0.174932 0.181799 0.666738 0.667562 0.881649 0.339305 0.918027 
0.072390 0.200812 0.751183 0.661977 0.638203 0.901639 0.081210 0.493576 0.320597 0.394848 0.763543 
0.611072 0.523606 0.972839 0.907956 0.224555 0.498184 0.738762 0.136937 0.170049 0.125431 0.381726 
0.885769 0.134648 0.866146 0.453658 0.196326 0.399304 0.157079 0.304544 0.536729 0.505478 0.036500 
0.332072 0.677358 0.751885 0.278787 0.701895 0.154881 0.927427 0.820368 0.194983 0.355388 0.186834 
0.757927 0.338145 0.747887 0.475265 0.700156 0.473861 0.299417 0.407544 0.754051 0.926054 0.603229 
0.009186 0.927519 0.917631 0.750816 0.224830 0.229011 0.396252 0.479690 0.600391 0.245918 0.424757 
0.627430 0.045412 0.482345 0.291849 0.423872 0.081851 0.238319 0.000305 0.652394 0.485122 0.311106 
0.287881 0.211432 0.724265 0.299844 0.838008 0.107974 0.107059 0.795282 0.835902 0.413556 0.036622 
0.235298 0.527024 0.214667 0.285195 0.707846 0.933378 0.088412 0.692221 0.482070 0.384350 0.134892 
0.192267 0.549852 0.018433 0.097446 0.579241 0.957549 0.911679 0.602008 0.913327 0.210700 0.989349 
0.046907 0.976653 0.531907 0.377270 0.174230 0.683950 0.253334 0.348766 0.854213 0.854884 0.125736 
0.523331 0.113498 0.253456 0.824213 0.473739 0.939299 0.301737 0.432752 0.397687 0.889431 0.373302 
0.188574 0.009827 0.041047 0.073122 0.267312 0.311106 0.308054 0.410230 0.890622 0.390912 0.658864 
0.268777 0.537187 0.919156 0.265999 0.084658 0.538652 0.483535 0.118717 0.133122 0.841243 0.429243 
0.129246 0.333995 0.215125 0.356487 0.264962 0.980987 0.691946 0.932768 0.736961 0.300668 0.512070 
0.175481 0.776452 0.248360 0.363201 0.861995 0.030488 0.445784 0.190893 0.222419 0.108005 0.668386 
0.362835 0.572222 0.307352 0.787072 0.467788 0.040193 0.056948 0.571825 0.530473 0.048708 0.099979 
0.262368 0.923856 0.702017 0.954405 0.313120 0.759911 0.738823 0.679708 0.217841 0.040101 0.206000 
0.481582 0.820978 0.346995 0.508866 0.185614 0.021210 0.357860 0.994842 0.111454 0.274209 0.962249 
0.726402 0.378613 0.800165 0.263710 0.600055 0.175024 0.902676 0.248329 0.466964 0.020112 0.305460 
0.399762 0.411847 0.552690 0.912717 0.043092 0.846400 0.876095 0.899411 0.698721 0.573351 0.990692 
0.538255 0.226753 0.477615 0.345927 0.668996 0.044130 0.000336 0.042482 0.216498 0.194922 0.052797 
0.716330 0.664205 0.555559 0.525681 0.635304 0.888577 0.956114 0.050447 0.040254 0.261330 0.498611 
0.168889 0.261330 0.425489 0.854305 0.567248 0.640828 0.651326 0.820154 0.530686 0.794275 0.178838 
0.916837 0.275246 0.240150 0.452834 0.308542 0.312479 0.930662 0.656575 0.826868 0.503861 0.713370 
0.450758 0.378735 0.960875 0.256355 0.323740 0.521104 0.446852 0.467360 0.459365 0.482345 0.437300 
0.937956 0.528489 0.412458 0.494400 0.444899 0.310709 0.142949 0.112461 0.039003 0.552507 0.237709 
0.690146 0.753380 0.967711 0.616199 0.785974 0.461715 0.787042 0.530107 0.313181 0.918760 0.762597 
0.174871 0.830653 0.513077 0.033631 0.717093 0.585131 0.764489 0.760155 0.019196 0.462355 0.096438 
0.929930 0.842891 0.502121 0.915464 0.245979 0.811914 0.134312 0.527940 0.500290 0.916257 0.791894 
0.926786 0.339824 0.838404 0.056764 0.977721 0.831812 0.883053 0.995697 0.037812 0.733757 0.791894 
0.841334 0.536515 0.874935 0.223945 0.675527 0.551042 0.555498 0.183630 0.270730 0.907041 0.369304 
0.177007 0.745933 0.835932 0.356822 0.378002 0.193213 0.720267 0.894559 0.585498 0.931272 0.957915 
0.226661 0.252724 0.542161 0.476974 0.045991 0.370312 0.347514 0.932157 0.029481 0.483901 0.480453 
0.114078 0.735557 0.627888 0.209418 0.602680 0.768548 0.456343 0.670248 0.196081 0.617389 0.352641 
0.662618 0.146062 0.074129 0.798578 0.667318 0.731437 0.638813 0.784753 0.740410 0.200507 0.816980 
0.543046 0.440596 0.614002 0.715995 0.382763 0.446028 0.619587 0.846400 0.911374 0.016816 0.689352 
0.534684 0.421339 0.959624 0.851283 0.853603 0.724326 0.250038 0.446272 0.476180 0.213691 0.970153 
0.941832 0.360057 0.437086 0.715995 0.333232 0.667928 0.959563 0.132572 0.164586 0.830714 0.799463 
0.731834 0.699606 0.159368 0.217536 0.649892 0.274148 0.912198 0.140873 0.500504 0.362133 0.222785 
0.002960 0.979980 0.384930 0.796289 0.280740 0.380474 0.796564 0.778954 0.510483 0.667837 0.475326 
0.708029 0.063326 0.279977 0.953612 0.947966 0.461745 0.302438 0.516465 0.519059 0.518265 0.176824 
0.700797 0.725120 0.077944 0.599017 0.226203 0.485946 0.645405 0.762810 0.888638 0.781549 0.677725 
0.605762 0.448103 0.113437 0.825098 0.213111 0.042024 0.390149 0.899503 0.036134 0.155065 0.142644 
0.853389 0.081179 0.676778 0.476180 0.549364 0.725791 0.078555 0.664541 0.602100 0.317850 0.240913 
0.793268 0.073672 0.214484 0.962340 0.357952 0.303995 0.416211 0.681143 0.223884 0.656758 0.453413 
0.441359 0.853175 0.463057 0.680898 0.634175 0.205542 0.943419 0.636921 0.545763 0.219886 0.389447 
0.622791 0.243233 0.281198 0.386700 0.159673 0.829707 0.580828 0.359722 0.478408 0.599475 0.775201 
0.220588 0.698782 0.125309 0.849727 0.402142 0.854579 0.808252 0.594043 0.057527 0.420637 0.921628 
0.594775 0.706656 0.497879 0.680624 0.152196 0.111270 0.313089 0.368297 0.026856 0.660085 0.189184 
0.049715 0.422803 0.044313 0.642445 0.904874 0.112918 0.506302 0.763176 0.712271 0.113559 0.440748 
0.535447 0.514267 0.814051 0.631489 0.252937 0.994842 0.967406 0.903745 0.686392 0.602008 0.448897 
0.474044 0.159429 0.945280 0.188269 0.778344 0.189001 0.499954 0.182012 0.060030 0.846095 0.149205 
0.992096 0.499069 0.493698 0.595325 0.637043 0.163152 0.058168 0.171331 0.282235 0.562578 0.489456 
0.084445 0.634938 0.089846 0.567583 0.621998 0.450667 0.125278 0.710868 0.351878 0.057375 0.089724 
0.942198 0.848354 0.303354 0.226081 0.670156 0.974120 0.835017 0.390393 0.440382 0.250893 0.111332 
0.633992 0.314249 0.348552 0.060640 0.857845 0.030610 0.224982 0.786401 0.320658 0.606922 0.947508 
0.227699 0.281472 0.536088 0.727103 0.181768 0.558367 0.235511 0.196936 0.593310 0.284402 0.903989 
0.466201 0.518113 0.642262 0.443251 0.980499 0.666707 0.858394 0.600269 0.720298 0.934141 0.238319 
0.986206 0.768395 0.822504 0.524216 0.129032 0.777764 0.162297 0.355907 0.215217 0.371197 0.038850 
0.116733 0.677236 0.003693 0.329936 0.945402 0.283059 0.319010 0.761040 0.195013 0.883938 0.531541 
0.884640 0.120823 0.476394 0.865047 0.889309 0.077548 0.735160 0.579119 0.645253 0.007691 0.672872 
0.614765 0.892514 0.502365 0.583148 0.390393 0.977691 0.215400 0.923032 0.779656 0.046205 0.912259 
0.291025 0.801752 0.095553 0.935057 0.157445 0.056246 0.796136 0.364788 0.502426 0.433271 0.486099 
0.662099 0.018799 0.129948 0.246162 0.067629 0.035707 0.505356 0.460799 0.543901 0.818812 0.803980 
0.771905 0.538652 0.403882 0.280007 0.831385 0.352519 0.620197 0.753166 0.758812 0.390942 0.458846 
0.127232 0.710379 0.082278 0.443892 0.903073 0.465468 0.743217 0.161016 0.216529 0.437025 0.172491 
0.601032 0.433699 0.011994 0.254707 0.473891 0.833216 0.628101 0.354961 0.149846 0.408490 0.493210 
0.785638 0.383557 0.319834 0.353526 0.126865 0.477889 0.028260 0.216865 0.681967 0.043184 0.642598 
0.437269 0.848292 0.008820 0.510025 0.067141 0.685965 0.042604 0.582812 0.883236 0.464797 0.034791 
0.590930 0.992706 0.471053 0.802881 0.553209 0.425672 0.855251 0.673116 0.657155 0.620075 0.802149 
0.095614 0.039399 0.205451 0.804376 0.948515 0.497879 0.992004 0.320719 0.687887 0.666402 0.570513 
0.600482 0.000000 0.684103 0.430494 0.955016 0.111332 0.889706 0.001587 0.257973 0.413160 0.572619 
0.525407 0.955168 0.557024 0.312021 0.163366 0.365246 0.676931 0.934904 0.247536 0.553301 0.894833 
0.624592 0.079867 0.557085 0.765679 0.210974 0.186895 0.248848 0.817957 0.173467 0.435438 0.612506 
0.846339 0.388348 0.916105 0.718589 0.112491 0.151128 0.000458 0.177313 0.110355 0.505966 0.478561 
0.351787 0.052065 0.412671 0.182257 0.111789 0.730827 0.783044 0.001770 0.410382 0.917142 0.917386 
0.700613 0.463424 0.944304 0.372936 0.435682 0.814264 0.639698 0.795007 0.388806 0.064333 0.258034 
0.742210 0.415815 0.551134 0.572771 0.037294 0.119327 0.754295 0.781976 0.674429 0.251778 0.711997 
0.384899 0.814386 0.854610 0.227973 0.685690 0.899045 0.040254 0.151067 0.079775 0.416028 0.822779 
0.507981 0.780511 0.345286 0.903592 0.771081 0.140660 0.818262 0.818567 0.042177 0.226539 0.021271 
0.352763 0.433363 0.799951 0.874630 0.628956 0.426618 0.364666 0.517685 0.775994 0.493057 0.433729 
0.132603 0.584033 0.753075 0.673544 0.136631 0.051729 0.959136 0.081271 0.275124 0.232795 0.581622 
0.851741 0.645924 0.287149 0.279733 0.089663 0.186865 0.143834 0.538408 0.024598 0.657491 0.681295 
0.752281 0.883206 0.645711 0.831294 0.538347 0.076510 0.631672 0.513382 0.558458 0.857967 0.639088 
0.805322 0.632618 0.107761 0.505936 0.256172 0.424665 0.401349 0.305460 0.748253 0.481460 0.016541 
0.948851 0.814173 0.906888 0.036744 0.500717 0.815149 0.451735 0.206122 0.238929 0.886929 0.301035 
0.692862 0.989563 0.059572 0.339671 0.416822 0.768609 0.457289 0.178045 0.098209 0.261788 0.984558 
0.718467 0.682913 0.173132 0.404767 0.544023 0.301004 0.974090 0.218055 0.910916 0.414899 0.084384 
0.243660 0.625416 0.313242 0.015870 0.314127 0.587115 0.606372 0.509995 0.986602 0.279122 0.880520 
0.201239 0.678396 0.987152 0.166021 0.836940 0.132450 0.027772 0.376507 0.584979 0.619007 0.768639 
0.374828 0.460738 0.779992 0.719779 0.822443 0.404218 0.522294 0.479537 0.467940 0.039155 0.865963 
0.814447 0.031617 0.644704 0.153722 0.655660 0.341746 0.371319 0.528336 0.292276 0.879086 0.232246 
0.083438 0.543413 0.385968 0.901364 0.594714 0.189978 0.695975 0.849116 0.237281 0.447432 0.440596 
0.847530 0.195593 0.760796 0.789148 0.375500 0.572405 0.703238 0.878018 0.955992 0.502518 0.259407 
0.085726 0.955840 0.878140 0.274850 0.809992 0.879818 0.591510 0.352428 0.902646 0.690207 0.701743 
0.977569 0.419599 0.182806 0.431288 0.153142 0.841029 0.950926 0.399182 0.325449 0.418531 0.968505 
0.996551 0.882138 0.805902 0.323649 0.310953 0.004120 0.628803 0.133885 0.506180 0.151982 0.150639 
0.174047 0.062777 0.968383 0.690023 0.248573 0.786737 0.877804 0.946562 0.839076 0.991546 0.164769 
0.891263 0.058473 0.760552 0.812098 0.377331 0.443373 0.695791 0.879482 0.128208 0.614887 0.058992 
0.705130 0.258614 0.340739 0.711844 0.710593 0.985199 0.028199 0.760949 0.089999 0.682608 0.180517 
0.314402 0.166143 0.942076 0.847011 0.255837 0.692831 0.787439 0.598956 0.442305 0.886624 0.706412 
0.061861 0.232124 0.467788 0.651845 0.535691 0.749382 0.492538 0.670492 0.734275 0.790521 0.257393 
0.314615 0.175054 0.780206 0.057192 0.493301 0.250526 0.682119 0.077670 0.919218 0.512558 0.270882 
0.204352 0.807581 0.200751 0.671926 0.028260 0.983154 0.546342 0.574847 0.830775 0.051790 0.882626 
0.027009 0.827540 0.792718 0.093356 0.213538 0.453963 0.427412 0.430342 0.129734 0.972777 0.922361 
0.231117 0.552416 0.184851 0.980529 0.568682 0.216193 0.525407 0.879208 0.363811 0.601459 0.325419 
0.809259 0.991699 0.239326 0.521073 0.872799 0.913846 0.941130 0.591235 0.395520 0.366680 0.857295 
0.004822 0.709372 0.638142 0.773125 0.959349 0.062319 0.963164 0.546709 0.691305 0.811518 0.569781 
0.096072 0.140690 0.555528 0.906735 0.841029 0.249763 0.362682 0.584094 0.006500 0.678030 0.751061 
vetor pesos sinapticos final:
0.708002 0.578878 0.804776 0.462450 0.430131 0.364486 0.570150 0.864104 0.938539 0.279461 0.764492 
0.684014 0.608023 0.869689 0.238963 0.402237 0.397446 0.561788 0.303876 0.816953 0.225230 0.161476 
0.359084 0.777981 0.893890 0.705164 0.463823 0.102057 0.469469 0.946351 1.002658 0.200723 0.522419 
0.258098 0.102637 0.452684 0.135993 0.232981 0.959658 0.851195 0.088537 0.761043 0.728175 0.958498 
0.115851 0.867858 0.132575 0.697778 0.659722 0.093695 0.454851 1.014499 1.009281 0.694818 0.055821 
0.938020 0.240947 0.448106 0.085699 0.074865 0.863768 0.340773 0.540333 0.064977 0.575643 0.925996 
0.319410 0.031925 0.037571 0.625571 0.442979 0.558736 0.071447 0.761531 0.082250 0.220041 0.187936 
0.597128 0.561269 0.202554 0.850920 0.169045 0.985293 0.044377 0.384200 0.191781 0.652733 0.024631 
0.927369 0.815610 0.906220 0.235057 0.346327 0.519245 0.579549 0.864226 0.505664 0.918671 0.696527 
0.725916 0.808042 0.772915 0.578024 0.563100 0.407944 0.968752 1.013523 0.158333 1.005161 0.764888 
0.653191 0.782131 0.624534 0.077123 0.277233 1.010379 0.288769 0.086218 0.098181 0.442430 0.989505 
0.948549 0.752711 0.350447 0.863707 0.892120 0.139015 0.792019 0.981600 0.478564 0.756679 0.216410 
0.651695 0.311963 0.703882 0.096960 0.650108 0.976656 0.989932 0.619346 0.279614 0.484545 0.317762 
0.958132 0.665398 1.013553 0.994082 0.172433 0.192910 0.218210 0.122016 0.252116 0.494952 0.893982 
0.733851 0.345106 0.893676 0.276043 0.018863 0.698205 0.703943 0.754390 0.303815 0.341627 0.304150 
0.285961 0.940950 0.049260 0.381118 0.285504 0.760768 0.605246 0.254833 0.275951 0.245677 0.908539 
0.689630 0.080023 0.080358 0.946901 0.097845 0.834135 0.235179 0.170785 0.542653 0.605368 0.239512 
0.299359 0.445268 0.893951 0.800381 0.088903 0.404343 0.801083 0.423173 0.095923 0.032231 0.144386 
0.190744 0.965181 0.215494 0.301801 0.356551 0.274456 0.705377 0.065099 0.908905 0.467638 0.444444 
0.284710 0.761928 0.906220 0.536091 0.586477 0.729914 0.571737 0.262676 0.942262 0.940889 0.449754 
0.058751 0.374923 0.846068 0.126502 0.845762 0.579794 0.481219 0.629966 0.634056 0.742946 0.136207 
0.046025 0.799039 0.338270 0.089056 0.941743 0.937226 0.184274 0.560506 0.125861 0.708521 0.541829 
0.545827 0.779171 0.571340 0.534199 0.679650 0.484484 0.816465 0.670556 0.790310 0.189157 0.805722 
0.754451 0.299695 0.629600 0.822385 0.958010 0.125587 0.250560 0.438951 0.343550 0.241465 0.149574 
0.808713 0.613913 0.551320 0.078008 0.787472 0.372024 0.234965 0.030003 0.291546 0.671990 0.220408 
0.450731 0.798581 0.142280 0.939210 0.594839 0.396560 0.462358 0.021427 0.066594 0.288861 0.474108 
0.086401 0.073003 0.159645 0.709314 0.285290 0.420914 0.307538 0.614493 0.751826 0.789730 0.952760 
0.253978 0.617576 0.310468 0.624534 0.773098 0.748012 0.983004 0.034703 0.401993 0.855315 0.962221 
0.343947 0.282147 0.144508 0.244822 0.226908 0.896087 0.149177 0.787442 0.642296 0.381820 0.912476 
0.587851 0.714258 0.513721 0.170540 0.760433 0.631645 0.630180 0.693933 0.136604 0.970705 0.289959 
0.443345 0.422532 0.348097 0.938508 0.696466 0.444047 0.810269 0.364882 0.801266 0.511096 0.865050 
0.231333 0.712854 0.432725 0.562642 0.456255 0.969698 0.213175 0.531239 0.731745 0.265422 0.961489 
0.374129 0.957430 0.272747 0.044652 0.334364 0.871337 0.875610 1.016697 0.633293 0.659630 0.465410 
0.353957 0.389083 0.825559 0.458574 0.528645 0.521747 0.099921 0.690423 0.451158 0.550496 0.673730 
0.842711 0.813108 0.690088 0.533833 0.560353 0.361739 0.152260 0.184274 0.414048 0.637504 0.058446 
0.532765 0.364669 0.205515 0.870055 0.224924 0.886016 0.912598 0.742488 0.206888 0.401810 0.200662 
0.709619 0.797757 0.193734 1.008579 0.104010 0.052769 0.436082 0.292401 0.120276 0.699335 0.513752 
0.696741 0.926911 0.425919 0.279766 0.407120 0.233134 0.806088 0.408402 0.715784 0.717707 0.638511 
0.500232 0.331190 0.224283 0.984194 0.095465 0.963228 0.131599 0.682092 0.251750 0.214823 0.803128 
0.624869 0.842619 0.311719 0.523151 0.575155 0.232798 0.701074 0.825712 0.804562 0.487017 0.050664 
0.621940 0.335829 0.767879 0.679681 0.032902 0.070012 0.079778 0.952425 0.333509 0.579549 1.014621 
0.666008 0.913941 0.848540 0.655602 0.963778 0.665123 0.741694 0.295819 0.804929 0.694238 0.482958 
0.127143 0.522388 0.776424 0.925172 0.556477 0.499713 0.449113 0.891998 0.304730 0.498187 0.155342 
0.373244 0.945833 0.665978 0.341871 0.855315 0.040745 0.759731 0.918885 0.567098 0.524311 0.610617 
0.987094 0.923737 0.499286 0.365645 0.238780 0.948396 0.095709 0.535633 0.938905 0.954256 0.550526 
0.381027 0.892425 0.267101 0.164132 0.667046 0.304334 0.270427 0.290417 0.318860 0.938508 0.554036 
1.015995 1.008853 0.481524 0.447282 0.685144 0.206369 0.517963 0.718561 0.927033 0.721918 0.023075 
0.721705 0.340620 0.276531 0.779598 0.771236 0.494525 0.127876 0.624259 0.027317 0.397140 0.284374 
0.930940 0.671502 0.094122 0.338057 0.236247 0.654991 0.548756 0.448442 0.414017 0.800259 0.461962 
0.507343 0.304669 0.537648 0.187905 1.017185 0.206186 0.057591 0.401688 0.713037 0.132514 0.160652 
0.674981 0.460314 0.245799 0.585470 0.616446 0.458940 0.368697 0.096899 0.732691 0.285382 0.983065 
0.115180 0.666039 0.804105 0.621177 0.166970 0.965792 0.478991 0.055791 0.940339 0.048711 0.116767 
0.195321 0.224222 0.505451 0.573232 0.090277 0.514209 0.408524 0.453355 0.957247 0.565084 0.778957 
0.337202 0.626914 0.672539 0.867064 0.562184 0.321882 0.964083 0.404068 0.093329 0.171059 0.481219 
0.480669 0.512622 0.366500 0.334028 0.208658 0.658806 0.368941 0.708856 0.822385 0.948762 0.068792 
1.011264 0.375228 0.911927 0.308148 0.924500 0.688989 0.968508 0.670373 0.665703 0.710413 0.983584 
0.943696 0.220225 0.933106 0.627341 0.164742 0.836058 0.039463 0.073644 0.648582 0.558919 0.420121 
0.067357 0.910980 0.089941 0.725977 0.892395 0.889862 0.746730 0.110266 0.271068 0.371596 0.809110 
0.316114 0.726801 0.028996 0.030949 0.265758 0.440355 0.976199 0.599448 0.308454 0.132087 0.248088 
0.322523 0.782589 1.000369 0.109442 0.326398 0.048314 0.248088 0.600394 0.043767 0.647728 0.228373 
0.224558 0.774837 0.747401 0.740596 0.186105 0.601034 0.521137 0.507831 0.081518 0.934388 0.628135 
0.367782 0.453264 0.482226 0.442827 0.207071 0.110358 0.909577 0.193490 0.171700 0.623435 0.979708 
0.664788 0.183419 0.899383 0.454851 0.621329 0.294629 0.242534 0.537678 0.608054 0.911927 0.808530 
0.134986 0.283886 0.420395 0.856627 0.725153 0.944826 0.239329 0.707636 0.110022 0.392563 0.840941 
0.812650 0.833280 0.805386 0.763057 0.839720 0.545460 0.767086 0.147529 0.184182 0.098181 0.110205 
0.835020 0.809201 0.647484 0.730341 0.547475 0.822385 0.548665 0.026920 0.190469 0.695276 0.323072 
0.127753 0.805142 0.531544 0.478716 0.552449 0.202127 0.290142 0.465197 0.471941 0.808621 0.370040 
0.545247 0.219889 0.758907 0.462297 0.862914 0.212076 0.761074 0.076086 0.490771 0.930665 0.769771 
0.644798 0.736567 0.128547 0.997165 0.618430 0.491015 0.911499 0.292798 0.448564 0.897888 0.852476 
0.424332 0.872222 0.127540 0.796445 0.289105 0.400650 0.535298 0.510120 0.589437 0.419694 0.985598 
0.834043 1.001498 0.807523 0.623862 0.492663 0.369887 0.476183 0.876434 0.219095 0.958681 0.743373 
0.960573 0.350447 0.290326 0.940553 0.685296 0.549977 0.603964 0.163338 0.824522 0.812741 0.463762 
0.571248 0.843870 0.410416 0.549275 0.141884 0.261943 0.932130 0.158211 0.287030 0.427995 0.076757 
0.453996 0.235942 0.996493 0.354109 0.987979 0.592672 0.880431 0.349837 0.528919 0.973330 0.964327 
0.711634 0.730036 0.129737 0.358290 0.512012 0.665154 0.465868 0.474291 0.144539 0.765529 0.352553 
0.705927 0.409317 0.187966 0.147926 0.993075 0.944246 0.146126 0.328718 0.052373 0.658348 0.235758 
0.639427 0.555287 0.323102 0.285443 0.665093 0.034214 0.978396 0.763973 0.734278 0.798855 0.309064 
0.275463 0.558400 0.643120 0.648460 0.173897 0.513599 0.624808 0.765163 0.827848 0.971285 0.698419 
0.089209 0.566762 0.584036 0.482775 0.534016 0.840483 0.932740 0.944948 0.570150 0.622458 0.441056 
0.280987 0.707453 0.588766 0.964174 0.775631 0.041508 0.103491 0.957155 0.921387 0.020878 0.542103 
0.630058 0.579031 0.091314 0.984011 0.995242 0.459886 0.373031 0.805295 0.213724 0.712183 0.027531 
0.203500 0.146736 0.891540 0.470263 0.184854 0.518207 0.098089 0.084936 0.045933 0.595175 0.560506 
0.596304 0.880554 0.791928 0.448534 0.757228 0.143440 0.104132 0.195474 0.506580 0.801724 0.779507 
0.111579 0.254009 0.105414 0.130714 0.569661 0.447923 0.508655 0.897613 0.544331 0.082952 0.772243 
0.063817 0.785946 0.303052 0.779171 0.535633 0.410538 0.756679 0.094336 0.587393 0.187081 0.860015 
0.799771 0.481585 0.303265 0.624778 0.636039 0.168587 0.890960 0.206766 0.982241 0.472796 0.092627 
0.831083 0.704431 0.671349 0.950441 0.250835 0.404984 0.871734 0.898285 0.395309 0.103278 0.094336 
0.138923 0.363631 0.879485 0.466661 0.687188 0.420487 0.512073 0.434526 0.360182 0.150124 0.641533 
0.397690 0.496325 0.424729 0.489703 0.675256 0.683740 0.343367 0.667901 0.207315 0.280193 0.798306 
0.103522 0.899567 1.004825 0.823972 0.617576 1.016269 0.383590 0.385787 0.183236 0.528584 0.329603 
0.764583 0.398117 0.824277 0.639244 0.192910 0.199777 0.684716 0.685540 0.899628 0.357283 0.936006 
0.090368 0.218790 0.769161 0.679955 0.656181 0.919617 0.099188 0.511554 0.338575 0.412827 0.781521 
0.629050 0.541584 0.990817 0.925935 0.242534 0.516163 0.756740 0.154915 0.188028 0.143409 0.399704 
0.903748 0.152626 0.884124 0.471636 0.214304 0.417283 0.175057 0.322523 0.554707 0.523456 0.054479 
0.350050 0.695337 0.769863 0.296765 0.719874 0.172860 0.945405 0.838346 0.212961 0.373366 0.204813 
0.775906 0.356123 0.765865 0.493243 0.718134 0.491839 0.317395 0.425523 0.772030 0.944032 0.621207 
0.027164 0.945497 0.935609 0.768795 0.242808 0.246989 0.414231 0.497668 0.618369 0.263897 0.442735 
0.645408 0.063390 0.500323 0.309827 0.441850 0.099829 0.256297 0.018284 0.670373 0.503101 0.329084 
0.305859 0.229411 0.742244 0.317823 0.855986 0.125953 0.125037 0.813260 0.853880 0.431535 0.054601 
0.253276 0.545003 0.232646 0.303174 0.725825 0.951356 0.106390 0.710199 0.500049 0.402328 0.152870 
0.210245 0.567830 0.036412 0.115424 0.597220 0.975527 0.929658 0.619986 0.931306 0.228678 1.007327 
0.064885 0.994632 0.549885 0.395248 0.192209 0.701929 0.271313 0.366744 0.872191 0.872863 0.143715 
0.541310 0.131477 0.271435 0.842192 0.491717 0.957277 0.319715 0.450731 0.415665 0.907410 0.391281 
0.206552 0.027805 0.059026 0.091101 0.285290 0.329084 0.326032 0.428208 0.908600 0.408890 0.676842 
0.286755 0.555165 0.937135 0.283978 0.102637 0.556630 0.501514 0.136695 0.151100 0.859221 0.447221 
0.147224 0.351973 0.233103 0.374465 0.282940 0.998965 0.709925 0.950746 0.754939 0.318647 0.530048 
0.193460 0.794430 0.266338 0.381179 0.879974 0.048466 0.463762 0.208872 0.240397 0.125983 0.686364 
0.380813 0.590200 0.325330 0.805051 0.485766 0.058171 0.074926 0.589804 0.548451 0.066686 0.117957 
0.280346 0.941835 0.719996 0.972384 0.331098 0.777889 0.756801 0.697687 0.235819 0.058080 0.223978 
0.499560 0.838957 0.364974 0.526844 0.203592 0.039189 0.375838 1.012821 0.129432 0.292187 0.980227 
0.744380 0.396591 0.818143 0.281689 0.618033 0.193002 0.920655 0.266307 0.484942 0.038090 0.323438 
0.417740 0.429826 0.570669 0.930695 0.061071 0.864379 0.894073 0.917389 0.716700 0.591330 1.008670 
0.556233 0.244731 0.495593 0.363906 0.686975 0.062108 0.018314 0.060460 0.234477 0.212900 0.070775 
0.734309 0.682183 0.573537 0.543660 0.653282 0.906555 0.974093 0.068425 0.058232 0.279308 0.516590 
0.186868 0.279308 0.443467 0.872283 0.585226 0.658806 0.669304 0.838133 0.548665 0.812253 0.196817 
0.934815 0.293225 0.258129 0.470812 0.326521 0.330457 0.948640 0.674554 0.844847 0.521839 0.731349 
0.468737 0.396713 0.978854 0.274334 0.341719 0.539082 0.464830 0.485339 0.477343 0.500323 0.455278 
0.955934 0.546467 0.430436 0.512378 0.462877 0.328687 0.160927 0.130439 0.056981 0.570485 0.255687 
0.708124 0.771358 0.985690 0.634178 0.803952 0.479693 0.805020 0.548085 0.331159 0.936738 0.780575 
0.192849 0.848631 0.531056 0.051610 0.735072 0.603110 0.782467 0.778133 0.037175 0.480334 0.114417 
0.947908 0.860869 0.520099 0.933442 0.263958 0.829893 0.152290 0.545918 0.518268 0.934236 0.809873 
0.944764 0.357802 0.856383 0.074743 0.995700 0.849791 0.901031 1.013675 0.055791 0.751735 0.809873 
0.859313 0.554494 0.892914 0.241923 0.693506 0.569021 0.573476 0.201608 0.288708 0.925019 0.387283 
0.194986 0.763912 0.853911 0.374801 0.395981 0.211191 0.738246 0.912537 0.603476 0.949251 0.975893 
0.244639 0.270702 0.560140 0.494952 0.063970 0.388290 0.365493 0.950136 0.047459 0.501880 0.498431 
0.132057 0.753535 0.645866 0.227396 0.620658 0.786526 0.474322 0.688226 0.214060 0.635368 0.370620 
0.680596 0.164040 0.092108 0.816556 0.685296 0.749415 0.656792 0.802731 0.758388 0.218485 0.834959 
0.561025 0.458574 0.631980 0.733973 0.400742 0.464006 0.637565 0.864379 0.929353 0.034794 0.707330 
0.552663 0.439317 0.977602 0.869262 0.871581 0.742305 0.268017 0.464251 0.494159 0.231669 0.988131 
0.959810 0.378036 0.455064 0.733973 0.351210 0.685906 0.977541 0.150551 0.182565 0.848692 0.817441 
0.749812 0.717585 0.177346 0.235514 0.667870 0.292126 0.930177 0.158852 0.518482 0.380111 0.240763 
0.020939 0.997958 0.402908 0.814267 0.298718 0.398453 0.814542 0.796933 0.528461 0.685815 0.493304 
0.726008 0.081304 0.297955 0.971590 0.965944 0.479723 0.320417 0.534443 0.537037 0.536244 0.194803 
0.718775 0.743098 0.095923 0.616996 0.244182 0.503925 0.663384 0.780789 0.906616 0.799527 0.695703 
0.623740 0.466082 0.131416 0.843077 0.231089 0.060002 0.408127 0.917481 0.054112 0.173043 0.160622 
0.871367 0.099158 0.694757 0.494159 0.567342 0.743770 0.096533 0.682519 0.620078 0.335829 0.258891 
0.811246 0.091650 0.232462 0.980319 0.375930 0.321973 0.434190 0.699121 0.241862 0.674737 0.471392 
0.459337 0.871154 0.481036 0.698877 0.652153 0.223521 0.961397 0.654900 0.563741 0.237864 0.407425 
0.640770 0.261211 0.299176 0.404678 0.177651 0.847685 0.598807 0.377700 0.496387 0.617453 0.793179 
0.238566 0.716761 0.143287 0.867705 0.420121 0.872558 0.826231 0.612021 0.075506 0.438615 0.939607 
0.612754 0.724634 0.515857 0.698602 0.170174 0.129249 0.331068 0.386276 0.044835 0.678063 0.207163 
0.067693 0.440782 0.062291 0.660424 0.922852 0.130897 0.524280 0.781155 0.730250 0.131538 0.458727 
0.553426 0.532246 0.832029 0.649467 0.270916 1.012821 0.985385 0.921723 0.704370 0.619986 0.466875 
0.492022 0.177407 0.963259 0.206247 0.796322 0.206980 0.517933 0.199991 0.078008 0.864074 0.167183 
1.010074 0.517048 0.511676 0.613303 0.655022 0.181130 0.076147 0.189309 0.300214 0.580557 0.507434 
0.102423 0.652916 0.107825 0.585562 0.639976 0.468645 0.143257 0.728846 0.369857 0.075353 0.107703 
0.960176 0.866332 0.321332 0.244059 0.688134 0.992099 0.852995 0.408371 0.458360 0.268871 0.129310 
0.651970 0.332227 0.366530 0.078619 0.875823 0.048588 0.242961 0.804379 0.338636 0.624900 0.965487 
0.245677 0.299451 0.554067 0.745082 0.199747 0.576345 0.253490 0.214914 0.611289 0.302380 0.921967 
0.484179 0.536091 0.660240 0.461229 0.998477 0.684686 0.876372 0.618247 0.738276 0.952119 0.256297 
1.004184 0.786373 0.840483 0.542195 0.147011 0.795743 0.180276 0.373885 0.233195 0.389175 0.056828 
0.134712 0.695215 0.021671 0.347914 0.963381 0.301038 0.336988 0.779018 0.212992 0.901916 0.549519 
0.902618 0.138801 0.494372 0.883026 0.907288 0.095526 0.753139 0.597098 0.663231 0.025669 0.690850 
0.632743 0.910492 0.520344 0.601126 0.408371 0.995669 0.233378 0.941011 0.797635 0.064183 0.930238 
0.309003 0.819730 0.113532 0.953035 0.175423 0.074224 0.814115 0.382766 0.520405 0.451250 0.504077 
0.680077 0.036778 0.147926 0.264141 0.085607 0.053685 0.523334 0.478777 0.561879 0.836790 0.821958 
0.789883 0.556630 0.421860 0.297986 0.849364 0.370498 0.638176 0.771145 0.776791 0.408920 0.476824 
0.145210 0.728358 0.100256 0.461870 0.921052 0.483447 0.761196 0.178994 0.234507 0.455003 0.190469 
0.619010 0.451677 0.029972 0.272686 0.491870 0.851195 0.646080 0.372939 0.167824 0.426469 0.511188 
0.803616 0.401535 0.337812 0.371505 0.144844 0.495868 0.046239 0.234843 0.699945 0.061162 0.660576 
0.455248 0.866271 0.026798 0.528004 0.085119 0.703943 0.060582 0.600790 0.901215 0.482775 0.052769 
0.608908 1.010684 0.489032 0.820859 0.571187 0.443651 0.873229 0.691095 0.675133 0.638053 0.820127 
0.113593 0.057378 0.223429 0.822355 0.966494 0.515857 1.009983 0.338697 0.705866 0.684381 0.588491 
0.618461 0.017978 0.702081 0.448472 0.972994 0.129310 0.907684 0.019565 0.275951 0.431138 0.590597 
0.543385 0.973147 0.575002 0.330000 0.181344 0.383224 0.694909 0.952882 0.265514 0.571279 0.912812 
0.642570 0.097845 0.575063 0.783657 0.228953 0.204874 0.266826 0.835935 0.191446 0.453416 0.630485 
0.864318 0.406326 0.934083 0.736567 0.130470 0.169106 0.018436 0.195291 0.128333 0.523945 0.496539 
0.369765 0.070043 0.430650 0.200235 0.129768 0.748805 0.801022 0.019748 0.428361 0.935121 0.935365 
0.718592 0.481402 0.962282 0.390915 0.453661 0.832243 0.657677 0.812986 0.406784 0.082311 0.276012 
0.760189 0.433793 0.569112 0.590750 0.055272 0.137306 0.772274 0.799954 0.692407 0.269756 0.729975 
0.402878 0.832365 0.872588 0.245952 0.703668 0.917023 0.058232 0.169045 0.097754 0.434007 0.840757 
0.525959 0.798489 0.363265 0.921570 0.789059 0.158638 0.836241 0.836546 0.060155 0.244517 0.039250 
0.370742 0.451341 0.817930 0.892608 0.646934 0.444597 0.382644 0.535664 0.793973 0.511035 0.451707 
0.150581 0.602011 0.771053 0.691522 0.154610 0.069707 0.977114 0.099249 0.293103 0.250774 0.599600 
0.869719 0.663903 0.305127 0.297711 0.107642 0.204843 0.161812 0.556386 0.042576 0.675469 0.699274 
0.770260 0.901184 0.663689 0.849272 0.556325 0.094488 0.649650 0.531361 0.576437 0.875945 0.657066 
0.823301 0.650597 0.125739 0.523914 0.274151 0.442643 0.419327 0.323438 0.766231 0.499438 0.034519 
0.966829 0.832151 0.924866 0.054723 0.518696 0.833128 0.469713 0.224100 0.256908 0.904907 0.319013 
0.710840 1.007541 0.077551 0.357649 0.434800 0.786587 0.475268 0.196023 0.116187 0.279766 1.002536 
0.736445 0.700891 0.191110 0.422745 0.562001 0.318982 0.992068 0.236033 0.928895 0.432878 0.102362 
0.261638 0.643394 0.331220 0.033848 0.332105 0.605093 0.624351 0.527973 1.004581 0.297101 0.898498 
0.219217 0.696374 1.005130 0.183999 0.854918 0.150429 0.045750 0.394485 0.602957 0.636985 0.786618 
0.392807 0.478716 0.797970 0.737757 0.840422 0.422196 0.540272 0.497516 0.485919 0.057134 0.883941 
0.832426 0.049596 0.662682 0.171700 0.673638 0.359725 0.389297 0.546315 0.310254 0.897064 0.250224 
0.101416 0.561391 0.403946 0.919343 0.612693 0.207956 0.713953 0.867095 0.255260 0.465410 0.458574 
0.865508 0.213572 0.778774 0.807126 0.393478 0.590384 0.721216 0.895996 0.973971 0.520496 0.277386 
0.103705 0.973818 0.896118 0.292828 0.827970 0.897796 0.609488 0.370406 0.920624 0.708185 0.719721 
0.995547 0.437577 0.200784 0.449266 0.171120 0.859007 0.968905 0.417160 0.343428 0.436509 0.986483 
1.014530 0.900116 0.823881 0.341627 0.328931 0.022098 0.646782 0.151863 0.524158 0.169961 0.168618 
0.192025 0.080755 0.986361 0.708002 0.266552 0.804715 0.895782 0.964540 0.857054 1.009525 0.182748 
0.909241 0.076452 0.778530 0.830076 0.395309 0.461351 0.713770 0.897461 0.146187 0.632865 0.076971 
0.723109 0.276592 0.358718 0.729823 0.728571 1.003177 0.046177 0.778927 0.107977 0.700586 0.198495 
0.332380 0.184121 0.960054 0.864989 0.273815 0.710810 0.805417 0.616935 0.460283 0.904602 0.724390 
0.079839 0.250102 0.485766 0.669823 0.553670 0.767360 0.510517 0.688470 0.752254 0.808499 0.275371 
0.332594 0.193033 0.798184 0.075170 0.511280 0.268505 0.700098 0.095648 0.937196 0.530537 0.288861 
0.222330 0.825559 0.218729 0.689904 0.046239 1.001132 0.564321 0.592825 0.848753 0.069768 0.900604 
0.044987 0.845518 0.810697 0.111334 0.231516 0.471941 0.445390 0.448320 0.147713 0.990756 0.940339 
0.249095 0.570394 0.202829 0.998508 0.586660 0.234171 0.543385 0.897186 0.381790 0.619437 0.343397 
0.827238 1.009677 0.257305 0.539051 0.890777 0.931825 0.959108 0.609213 0.413498 0.384658 0.875274 
0.022800 0.727351 0.656120 0.791104 0.977328 0.080297 0.981143 0.564687 0.709284 0.829496 0.587759 
0.114051 0.158669 0.573507 0.924714 0.859007 0.267742 0.380660 0.602072 0.024479 0.696008 0.769039 
@@@@@@@@@@@@@@@@

qtd epocas = 213


vetor com as saidas desejadas:
0.061100 0.286000 0.746400 0.483100 
0.510200 0.746400 0.086000 0.596500 
0.000400 0.691600 0.500600 0.531800 
0.943000 0.447600 0.264800 0.684300 
0.139900 0.161000 0.247700 0.287200 
0.642300 0.322900 0.856700 0.766300 
0.649200 0.000700 0.642200 0.566600 
0.181800 0.507800 0.904600 0.660100 
0.738200 0.264700 0.191600 0.542700 
0.387900 0.130700 0.865600 0.583600 
0.190300 0.652300 0.782000 0.695000 
0.840100 0.449000 0.271900 0.679000 
0.002900 0.326400 0.247600 0.295600 
0.708800 0.934200 0.276300 0.774200 
0.128300 0.188200 0.725300 0.466200 
0.888200 0.307700 0.893100 0.809300 
0.222500 0.918200 0.782000 0.758100 
0.195700 0.842300 0.308500 0.582600 
0.999100 0.591400 0.393300 0.793800 
y = 0.506945
y = 0.513894
y = 0.520845
y = 0.527795
y = 0.534740
y = 0.541680
y = 0.548609
y = 0.555527
y = 0.562430
y = 0.569316
y = 0.576182
y = 0.583025
y = 0.589843
y = 0.596633
y = 0.603393
y = 0.610121
y = 0.616813
y = 0.623468
y = 0.630083
y = 0.636655
