vetor pesos sinapticos original:
0.270638 0.026856 0.416089 0.022401 
0.138646 0.712363 0.540147 0.962371 
0.822230 0.833277 0.617359 0.545274 
0.225166 0.381909 0.060183 0.866604 
0.563982 0.701621 0.360546 0.384442 
0.161748 0.229560 0.486587 0.855098 
0.267891 0.163488 0.507767 0.582446 
0.934050 0.958373 0.729637 0.138432 
0.478103 0.059297 0.119968 0.210242 
0.567400 0.777367 0.306681 0.730979 
0.452193 0.713858 0.929685 0.949339 
0.380810 0.639912 0.627247 0.595477 
0.727714 0.237281 0.438520 0.798608 
0.865688 0.606861 0.903256 0.912626 
0.313395 0.950804 0.640004 0.906583 
0.189795 0.334910 0.684164 0.475478 
0.505905 0.937407 0.367016 0.528275 
0.326304 0.689901 0.017060 0.209021 
0.330790 0.717734 0.264718 0.107395 
0.807550 0.484939 0.231971 0.814905 
0.609363 0.050844 0.387951 0.483200 
0.103916 0.343974 0.351787 0.540544 
0.649678 0.860012 0.423994 0.222633 
0.627918 0.689779 0.127628 0.074129 
0.563250 0.283395 0.540361 0.077303 
0.362865 0.857387 0.698935 0.563799 
0.206305 0.850002 0.857143 0.565661 
0.116977 0.332316 0.878536 0.762352 
0.746269 0.780236 0.544969 0.679708 
0.402203 0.113987 0.062899 0.296731 
0.853084 0.411908 0.547533 0.717399 
0.938108 0.203803 0.767357 0.062593 
0.515641 0.750938 0.929228 0.239448 
0.780816 0.218513 0.786065 0.743736 
0.483291 0.147038 0.847804 0.151433 
0.076907 0.128574 0.977294 0.456679 
0.332072 0.094607 0.152074 0.910825 
0.442335 0.121281 0.673574 0.520341 
0.156285 0.158513 0.604602 0.858913 
0.966308 0.589221 0.716819 0.350291 
0.884823 0.024781 0.729209 0.678030 
0.840175 0.243324 0.118534 0.478530 
0.222480 0.676504 0.283792 0.973479 
0.611408 0.351482 0.344890 0.697928 
0.216590 0.694449 0.357891 0.980499 
0.062471 0.101413 0.226966 0.331645 
0.448256 0.683065 0.095370 0.396405 
0.714713 0.089358 0.495834 0.627888 
0.848750 0.821039 0.042085 0.337626 
0.957213 0.933042 0.942747 0.279244 
0.140965 0.537248 0.118503 0.421583 
0.800836 0.010041 0.204291 0.067354 
0.906003 0.311411 0.217383 0.973937 
0.257027 0.321268 0.172613 0.632313 
0.274117 0.600024 0.426435 0.360424 
0.341746 0.478957 0.030396 0.367290 
0.241646 0.886990 0.875973 0.444044 
0.704428 0.820063 0.911252 0.438093 
0.612049 0.859401 0.211554 0.166936 
0.881741 0.644612 0.184637 0.927549 
0.562548 0.708487 0.691733 0.257607 
0.176580 0.578936 0.366192 0.105167 
0.835292 0.555193 0.910489 0.062716 
0.162175 0.063845 0.652852 0.821741 
0.554003 0.001160 0.145116 0.504379 
0.810572 0.968169 0.082888 0.028535 
0.665242 0.804346 0.328837 0.161931 
0.246895 0.326670 0.321268 0.422285 
0.004852 0.679800 0.648335 0.479202 
0.128086 0.203711 0.069643 0.214393 
0.989441 0.225562 0.766503 0.096316 
0.646901 0.681265 0.101596 0.025544 
0.932554 0.973479 0.670125 0.306986 
0.160680 0.972289 0.922758 0.905362 
0.986358 0.564684 0.142430 0.640217 
0.445448 0.659017 0.055879 0.476638 
0.707877 0.050783 0.860927 0.567675 
0.574633 0.056215 0.951262 0.205267 
0.250465 0.319376 0.119755 0.335490 
0.423109 0.699545 0.521531 0.794519 
0.180242 0.644887 0.177740 0.921415 
0.796014 0.958678 0.302164 0.704489 
0.917417 0.364330 0.230750 0.116672 
0.182684 0.775689 0.236366 0.796899 
0.802637 0.678213 0.009369 0.733268 
0.135594 0.528367 0.085391 0.104465 
0.788598 0.576159 0.001740 0.935789 
0.274270 0.018403 0.463637 0.725455 
0.756371 0.887783 0.301096 0.698477 
0.914060 0.584796 0.498733 0.843196 
0.456679 0.458419 0.078341 0.387432 
0.320200 0.341929 0.116886 0.870602 
0.076449 0.449965 0.679922 0.467360 
0.586657 0.543138 0.952849 0.719810 
0.430189 0.766655 0.350230 0.333872 
0.140049 0.068697 0.885159 0.196600 
0.776360 0.605701 0.579455 0.270302 
0.868587 0.039338 0.196295 0.519944 
0.258736 0.133274 0.076144 0.529893 
0.875790 0.554338 0.357799 0.966582 
0.973022 0.285226 0.364971 0.542741 
0.859676 0.554979 0.440535 0.640431 
0.657949 0.692801 0.009125 0.247841 
0.116459 0.812647 0.149632 0.367351 
0.011902 0.733451 0.458357 0.550218 
0.169591 0.042299 0.484909 0.714499 
0.634388 0.706595 0.521287 0.902738 
0.023499 0.140660 0.025788 0.134800 
0.592120 0.134465 0.463210 0.013306 
0.042756 0.549394 0.841700 0.236671 
0.610736 0.187933 0.728813 0.676992 
0.455641 0.743614 0.026856 0.178411 
0.891079 0.237068 0.289651 0.732749 
0.483352 0.844935 0.860958 0.187811 
0.550645 0.527177 0.617084 0.145756 
0.093753 0.359935 0.593799 0.206641 
0.689871 0.979400 0.279550 0.214270 
0.380322 0.043306 0.855770 0.660176 
0.083743 0.116520 0.165624 0.901761 
0.566057 0.886258 0.692892 0.351695 
0.498062 0.113926 0.331370 0.293771 
0.632374 0.229652 0.226997 0.482192 
0.630787 0.975219 0.473159 0.180212 
0.573046 0.002411 0.940916 0.794641 
0.678671 0.832881 0.025208 0.762139 
0.272988 0.084780 0.588488 0.843776 
0.528428 0.374340 0.882443 0.483963 
0.012391 0.796503 0.729942 0.390362 
0.573321 0.392590 0.747826 0.990387 
0.595416 0.510208 0.891873 0.921049 
0.154393 0.462020 0.105380 0.208411 
0.104160 0.389691 0.352519 0.292581 
0.627064 0.739128 0.817621 0.554552 
0.277657 0.253151 0.551775 0.501541 
0.052400 0.888363 0.348125 0.266579 
0.515641 0.561510 0.126530 0.578845 
0.513565 0.132847 0.609577 0.860866 
0.507492 0.531571 0.570666 0.609149 
0.057222 0.430280 0.435896 0.714072 
0.486282 0.374523 0.520310 0.875515 
0.259926 0.773614 0.680410 0.770501 
0.107456 0.659047 0.663930 0.128910 
0.419599 0.616840 0.938078 0.373943 
0.952940 0.799677 0.277505 0.982818 
0.371838 0.425733 0.893429 0.224799 
0.659871 0.669942 0.384747 0.432447 
0.931364 0.353862 0.293069 0.461989 
0.674642 0.340922 0.542192 0.499741 
0.958403 0.043001 0.543535 0.870174 
0.631764 0.944304 0.249306 0.002472 
0.050203 0.549272 0.933653 0.211524 
0.357738 0.660634 0.983825 0.449171 
0.857326 0.393628 0.482406 0.683065 
0.500015 0.832820 0.861660 0.058229 
0.025025 0.737877 0.411542 0.498398 
0.780877 0.204199 0.922300 0.902799 
0.759789 0.685263 0.243202 0.595019 
0.876247 0.281961 0.038697 0.180120 
0.020600 0.706442 0.522660 0.466109 
0.919828 0.825343 0.452773 0.606128 
0.335490 0.190039 0.165838 0.117679 
0.631764 0.458907 0.935270 0.934965 
0.242805 0.118656 0.432112 0.150639 
0.072726 0.410901 0.571001 0.603504 
0.357707 0.869564 0.521836 0.967772 
0.022706 0.376446 0.169042 0.500900 
0.063478 0.140294 0.799097 0.105655 
0.985046 0.505936 0.297922 0.863094 
0.828120 0.999817 0.639332 0.692038 
0.815058 0.518174 0.945677 0.292367 
0.145512 0.063936 0.901975 0.027375 
0.974334 0.938780 0.805017 0.901914 
0.101993 0.796319 0.028108 0.292337 
0.409375 0.463332 0.183538 0.585192 
0.567766 0.934172 0.763207 0.379528 
0.055574 0.445814 0.539018 0.410718 
0.013123 0.039003 0.504624 0.850673 
0.966185 0.511856 0.639149 0.141453 
0.950163 0.172491 0.274422 0.018494 
0.065981 0.296823 0.347148 0.879269 
0.998810 0.697256 0.316935 0.153966 
0.530595 0.309397 0.031678 0.834620 
0.578570 0.202490 0.321451 0.818201 
0.790002 0.919675 0.602069 0.220985 
0.224799 0.554918 0.269814 0.319407 
0.157628 0.472396 0.168340 0.274422 
0.530015 0.074526 0.909177 0.295145 
0.084292 0.525407 0.326670 0.398175 
0.710440 0.835322 0.849574 0.419141 
0.036988 0.212836 0.069155 0.432051 
0.797388 0.091037 0.286599 0.233406 
0.002869 0.733390 0.319346 0.046999 
0.453566 0.826167 0.349162 0.105380 
0.618183 0.963561 0.092074 0.264809 
0.414655 0.431379 0.071993 0.309702 
0.922056 0.196020 0.278878 0.102420 
0.555528 0.504654 0.993347 0.235481 
0.735466 0.002930 0.057955 0.341563 
0.581805 0.776818 0.377636 0.718223 
0.665242 0.224067 0.929441 0.423231 
0.346171 0.162450 0.063265 0.496872 
0.053887,
0.053885,
0.053885,
0.053883,
0.053883,
0.053881,
0.053881,
0.053879,
0.053879,
0.053877,
0.053877,
0.053875,
0.053875,
0.053873,
0.053873,
0.053871,
0.053871,
0.053869,
0.053869,
0.053867,
0.053867,
0.053865,
0.053865,
0.053863,
0.053863,
0.053861,
0.053861,
0.053859,
0.053859,
0.053857,
0.053857,
0.053855,
0.053855,
0.053853,
0.053853,
0.053851,
0.053851,
0.053849,
0.053849,
0.053847,
0.053847,
0.053845,
0.053845,
0.053843,
0.053843,
0.053841,
0.053841,
0.053839,
0.053839,
0.053837,
0.053837,
0.053835,
0.053835,
0.053833,
0.053833,
0.053831,
0.053831,
0.053829,
0.053829,
0.053827,
0.053827,
0.053825,
0.053825,
0.053823,
0.053823,
0.053821,
0.053821,
0.053819,
0.053819,
0.053817,
0.053817,
0.053815,
0.053815,
0.053813,
0.053813,
0.053811,
0.053811,
0.053809,
0.053809,
0.053807,
0.053807,
0.053805,
0.053805,
0.053803,
0.053803,
0.053801,
0.053801,
0.053799,
0.053799,
0.053797,
0.053797,
0.053795,
0.053795,
0.053793,
0.053793,
0.053791,
0.053791,
0.053789,
0.053789,
0.053787,
0.053787,
0.053785,
0.053785,
0.053783,
0.053783,
0.053782,
0.053782,
0.053780,
0.053780,
0.053778,
0.053778,
0.053776,
0.053776,
0.053774,
0.053774,
0.053772,
0.053772,
0.053770,
0.053770,
0.053768,
0.053768,
0.053766,
0.053766,
0.053764,
0.053764,
0.053762,
0.053762,
0.053760,
0.053760,
0.053758,
0.053758,
0.053756,
0.053756,
0.053754,
0.053754,
0.053752,
0.053752,
0.053750,
0.053750,
0.053748,
0.053748,
0.053746,
0.053746,
0.053744,
0.053744,
0.053742,
0.053742,
0.053740,
0.053740,
0.053738,
0.053738,
0.053736,
0.053736,
0.053734,
0.053734,
0.053732,
0.053732,
0.053730,
0.053730,
0.053728,
0.053728,
0.053727,
0.053727,
0.053725,
0.053725,
0.053723,
0.053723,
0.053721,
0.053721,
0.053719,
0.053719,
0.053717,
0.053717,
0.053715,
0.053715,
0.053713,
0.053713,
0.053711,
0.053711,
0.053709,
0.053709,
0.053707,
0.053707,
0.053705,
0.053705,
0.053703,
0.053703,
0.053701,
0.053701,
0.053699,
0.053699,
0.053697,
0.053697,
0.053695,
0.053695,
0.053693,
0.053693,
0.053691,
0.053691,
0.053689,
0.053689,
0.053688,
0.053688,
0.053686,
0.053686,
0.053684,
0.053684,
0.053682,
0.053682,
0.053680,
0.053680,
0.053678,
0.053678,
0.053676,
0.053676,
0.053674,
0.053674,
0.053672,
0.053672,
0.053670,
0.053670,
0.053668,
0.053668,
0.053666,
0.053666,
0.053664,
0.053664,
0.053662,
0.053662,
0.053660,
0.053660,
0.053658,
0.053658,
0.053656,
0.053656,
0.053655,
0.053655,
0.053653,
0.053653,
0.053651,
0.053651,
0.053649,
0.053649,
0.053647,
0.053647,
0.053645,
0.053645,
0.053643,
0.053643,
0.053641,
0.053641,
0.053639,
0.053639,
0.053637,
0.053637,
0.053635,
0.053635,
0.053633,
0.053633,
0.053631,
0.053631,
0.053629,
0.053629,
0.053628,
0.053628,
0.053626,
0.053626,
0.053624,
0.053624,
0.053622,
0.053622,
0.053620,
0.053620,
0.053618,
0.053618,
0.053616,
0.053616,
0.053614,
0.053614,
0.053612,
0.053612,
0.053610,
0.053610,
0.053608,
0.053608,
0.053606,
0.053606,
0.053604,
0.053604,
0.053602,
0.053602,
0.053601,
0.053601,
0.053599,
0.053599,
0.053597,
0.053597,
0.053595,
0.053595,
0.053593,
0.053593,
0.053591,
0.053591,
0.053589,
0.053589,
0.053587,
0.053587,
0.053585,
0.053585,
0.053583,
0.053583,
0.053581,
0.053581,
0.053579,
0.053579,
0.053578,
0.053578,
0.053576,
0.053576,
0.053574,
0.053574,
0.053572,
0.053572,
0.053570,
0.053570,
0.053568,
0.053568,
0.053566,
0.053566,
0.053564,
0.053564,
0.053562,
0.053562,
0.053560,
0.053560,
0.053558,
0.053558,
0.053557,
0.053557,
0.053555,
0.053555,
0.053553,
0.053553,
0.053551,
0.053551,
0.053549,
0.053549,
0.053547,
0.053547,
0.053545,
0.053545,
0.053543,
0.053543,
0.053541,
0.053541,
0.053539,
0.053539,
0.053537,
0.053537,
0.053536,
0.053536,
0.053534,
0.053534,
0.053532,
0.053532,
0.053530,
0.053530,
0.053528,
0.053528,
0.053526,
0.053526,
0.053524,
0.053524,
0.053522,
0.053522,
0.053520,
0.053520,
0.053518,
0.053518,
0.053517,
0.053517,
0.053515,
0.053515,
0.053513,
0.053513,
0.053511,
0.053511,
0.053509,
0.053509,
0.053507,
0.053507,
0.053505,
0.053505,
0.053503,
0.053503,
0.053501,
0.053501,
0.053500,
0.053500,
0.053498,
0.053498,
0.053496,
0.053496,
0.053494,
0.053494,
0.053492,
0.053492,
0.053490,
0.053490,
0.053488,
0.053488,
0.053486,
0.053486,
0.053484,
0.053484,
0.053483,
0.053483,
0.053481,
0.053481,
0.053479,
0.053479,
0.053477,
0.053477,
0.053475,
0.053475,
0.053473,
0.053473,
0.053471,
0.053471,
0.053469,
0.053469,
0.053467,
0.053467,
0.053466,
0.053466,
0.053464,
0.053464,
0.053462,
0.053462,
0.053460,
0.053460,
0.053458,
0.053458,
0.053456,
0.053456,
0.053454,
0.053454,
0.053452,
0.053452,
0.053451,
0.053451,
0.053449,
0.053449,
0.053447,
0.053447,
0.053445,
0.053445,
0.053443,
0.053443,
0.053441,
0.053441,
0.053439,
0.053439,
0.053437,
0.053437,
0.053436,
0.053436,
0.053434,
0.053434,
0.053432,
0.053432,
0.053430,
0.053430,
0.053428,
0.053428,
0.053426,
0.053426,
0.053424,
0.053424,
0.053422,
0.053422,
0.053421,
0.053421,
0.053419,
0.053419,
0.053417,
0.053417,
0.053415,
0.053415,
0.053413,
0.053413,
0.053411,
0.053411,
0.053409,
0.053409,
0.053407,
0.053407,
0.053406,
0.053406,
0.053404,
0.053404,
0.053402,
0.053402,
0.053400,
0.053400,
0.053398,
0.053398,
0.053396,
0.053396,
0.053394,
0.053394,
0.053393,
0.053393,
0.053391,
0.053391,
0.053389,
0.053389,
0.053387,
0.053387,
0.053385,
0.053385,
0.053383,
0.053383,
0.053381,
0.053381,
0.053380,
0.053380,
0.053378,
0.053378,
0.053376,
0.053376,
0.053374,
0.053374,
0.053372,
0.053372,
0.053370,
0.053370,
0.053368,
0.053368,
0.053367,
0.053367,
0.053365,
0.053365,
0.053363,
0.053363,
0.053361,
0.053361,
0.053359,
0.053359,
0.053357,
0.053357,
0.053355,
0.053355,
0.053354,
0.053354,
0.053352,
0.053352,
0.053350,
0.053350,
0.053348,
0.053348,
0.053346,
0.053346,
0.053344,
0.053344,
0.053342,
0.053342,
0.053341,
0.053341,
0.053339,
0.053339,
0.053337,
0.053337,
0.053335,
0.053335,
0.053333,
0.053333,
0.053331,
0.053331,
0.053330,
0.053330,
0.053328,
0.053328,
0.053326,
0.053326,
0.053324,
0.053324,
0.053322,
0.053322,
0.053320,
0.053320,
0.053318,
0.053318,
0.053317,
0.053317,
0.053315,
0.053315,
0.053313,
0.053313,
0.053311,
0.053311,
0.053309,
0.053309,
0.053307,
0.053307,
0.053306,
0.053306,
0.053304,
0.053304,
0.053302,
0.053302,
0.053300,
0.053300,
0.053298,
0.053298,
0.053296,
0.053296,
0.053295,
0.053295,
0.053293,
0.053293,
0.053291,
0.053291,
0.053289,
0.053289,
0.053287,
0.053287,
0.053285,
0.053285,
0.053284,
0.053284,
0.053282,
0.053282,
0.053280,
0.053280,
0.053278,
0.053278,
0.053276,
0.053276,
0.053274,
0.053274,
0.053273,
0.053273,
0.053271,
0.053271,
0.053269,
0.053269,
0.053267,
0.053267,
0.053265,
0.053265,
0.053263,
0.053263,
0.053262,
0.053262,
0.053260,
0.053260,
0.053258,
0.053258,
0.053256,
0.053256,
0.053254,
0.053254,
0.053252,
0.053252,
0.053251,
0.053251,
0.053249,
0.053249,
0.053247,
0.053247,
0.053245,
0.053245,
0.053243,
0.053243,
0.053242,
0.053242,
0.053240,
0.053240,
0.053238,
0.053238,
0.053236,
0.053236,
0.053234,
0.053234,
0.053232,
0.053232,
0.053231,
0.053231,
0.053229,
0.053229,
0.053227,
0.053227,
0.053225,
0.053225,
0.053223,
0.053223,
0.053222,
0.053222,
0.053220,
0.053220,
0.053218,
0.053218,
0.053216,
0.053216,
0.053214,
0.053214,
0.053213,
0.053213,
0.053211,
0.053211,
0.053209,
0.053209,
0.053207,
0.053207,
0.053205,
0.053205,
0.053203,
0.053203,
0.053202,
0.053202,
0.053200,
0.053200,
0.053198,
0.053198,
0.053196,
0.053196,
0.053194,
0.053194,
0.053193,
0.053193,
0.053191,
0.053191,
0.053189,
0.053189,
0.053187,
0.053187,
0.053185,
0.053185,
0.053184,
0.053184,
0.053182,
0.053182,
0.053180,
0.053180,
0.053178,
0.053178,
0.053176,
0.053176,
0.053175,
0.053175,
0.053173,
0.053173,
0.053171,
0.053171,
0.053169,
0.053169,
0.053167,
0.053167,
0.053166,
0.053166,
0.053164,
0.053164,
0.053162,
0.053162,
0.053160,
0.053160,
0.053158,
0.053158,
0.053157,
0.053157,
0.053155,
0.053155,
0.053153,
0.053153,
0.053151,
0.053151,
0.053149,
0.053149,
0.053148,
0.053148,
0.053146,
0.053146,
0.053144,
0.053144,
0.053142,
0.053142,
0.053140,
0.053140,
0.053139,
0.053139,
0.053137,
0.053137,
0.053135,
0.053135,
0.053133,
0.053133,
0.053131,
0.053131,
0.053130,
0.053130,
0.053128,
0.053128,
0.053126,
0.053126,
0.053124,
0.053124,
0.053123,
0.053123,
0.053121,
0.053121,
0.053119,
0.053119,
0.053117,
0.053117,
0.053115,
0.053115,
0.053114,
0.053114,
0.053112,
0.053112,
0.053110,
0.053110,
0.053108,
0.053108,
0.053106,
0.053106,
0.053105,
0.053105,
0.053103,
0.053103,
0.053101,
0.053101,
0.053099,
0.053099,
0.053098,
0.053098,
0.053096,
0.053096,
0.053094,
0.053094,
0.053092,
0.053092,
0.053090,
0.053090,
0.053089,
0.053089,
0.053087,
0.053087,
0.053085,
0.053085,
0.053083,
0.053083,
0.053082,
0.053082,
0.053080,
0.053080,
0.053078,
0.053078,
0.053076,
0.053076,
0.053074,
0.053074,
0.053073,
0.053073,
0.053071,
0.053071,
0.053069,
0.053069,
0.053067,
0.053067,
0.053066,
0.053066,
0.053064,
0.053064,
0.053062,
0.053062,
0.053060,
0.053060,
0.053058,
0.053058,
0.053057,
0.053057,
0.053055,
0.053055,
0.053053,
0.053053,
0.053051,
0.053051,
0.053050,
0.053050,
0.053048,
0.053048,
0.053046,
0.053046,
0.053044,
0.053044,
0.053043,
0.053043,
0.053041,
0.053041,
0.053039,
0.053039,
0.053037,
0.053037,
0.053036,
0.053036,
0.053034,
0.053034,
0.053032,
0.053032,
0.053030,
0.053030,
0.053028,
0.053028,
0.053027,
0.053027,
0.053025,
0.053025,
0.053023,
0.053023,
0.053021,
0.053021,
0.053020,
0.053020,
0.053018,
0.053018,
0.053016,
0.053016,
0.053014,
0.053014,
0.053013,
0.053013,
0.053011,
0.053011,
0.053009,
0.053009,
0.053007,
0.053007,
0.053006,
0.053006,
0.053004,
0.053004,
0.053002,
0.053002,
0.053000,
0.053000,
0.052999,
0.052999,
0.052997,
0.052997,
0.052995,
0.052995,
0.052993,
0.052993,
0.052992,
0.052992,
0.052990,
0.052990,
0.052988,
0.052988,
0.052986,
0.052986,
0.052985,
0.052985,
0.052983,
0.052983,
0.052981,
0.052981,
0.052979,
0.052979,
0.052978,
0.052978,
0.052976,
0.052976,
0.052974,
0.052974,
0.052972,
0.052972,
0.052971,
0.052971,
0.052969,
0.052969,
0.052967,
0.052967,
0.052965,
0.052965,
0.052964,
0.052964,
0.052962,
0.052962,
0.052960,
0.052960,
0.052958,
0.052958,
0.052957,
0.052957,
0.052955,
0.052955,
0.052953,
0.052953,
0.052951,
0.052951,
0.052950,
0.052950,
0.052948,
0.052948,
0.052946,
0.052946,
0.052944,
0.052944,
0.052943,
0.052943,
0.052941,
0.052941,
0.052939,
0.052939,
0.052938,
0.052938,
0.052936,
0.052936,
0.052934,
0.052934,
0.052932,
0.052932,
0.052931,
0.052931,
0.052929,
0.052929,
0.052927,
0.052927,
0.052925,
0.052925,
0.052924,
0.052924,
0.052922,
0.052922,
0.052920,
0.052920,
0.052918,
0.052918,
0.052917,
0.052917,
0.052915,
0.052915,
0.052913,
0.052913,
0.052912,
0.052912,
0.052910,
0.052910,
0.052908,
0.052908,
0.052906,
0.052906,
0.052905,
0.052905,
0.052903,
0.052903,
0.052901,
0.052901,
0.052899,
0.052899,
0.052898,
0.052898,
0.052896,
0.052896,
0.052894,
0.052894,
0.052893,
0.052893,
0.052891,
0.052891,
0.052889,
0.052889,
0.052887,
0.052887,
0.052886,
0.052886,
0.052884,
0.052884,
0.052882,
0.052882,
0.052880,
0.052880,
0.052879,
0.052879,
0.052877,
0.052877,
0.052875,
0.052875,
0.052874,
0.052874,
0.052872,
0.052872,
0.052870,
0.052870,
0.052868,
0.052868,
0.052867,
0.052867,
0.052865,
0.052865,
0.052863,
0.052863,
0.052862,
0.052862,
0.052860,
0.052860,
0.052858,
0.052858,
0.052856,
0.052856,
0.052855,
0.052855,
0.052853,
0.052853,
0.052851,
0.052851,
0.052850,
0.052850,
0.052848,
0.052848,
0.052846,
0.052846,
0.052844,
0.052844,
0.052843,
0.052843,
0.052841,
0.052841,
0.052839,
0.052839,
0.052838,
0.052838,
0.052836,
0.052836,
0.052834,
0.052834,
0.052832,
0.052832,
0.052831,
0.052831,
0.052829,
0.052829,
0.052827,
0.052827,
0.052826,
0.052826,
0.052824,
0.052824,
0.052822,
0.052822,
0.052821,
0.052821,
0.052819,
0.052819,
0.052817,
0.052817,
0.052815,
0.052815,
0.052814,
0.052814,
0.052812,
0.052812,
0.052810,
0.052810,
0.052809,
0.052809,
0.052807,
0.052807,
0.052805,
0.052805,
0.052804,
0.052804,
0.052802,
0.052802,
0.052800,
0.052800,
0.052798,
0.052798,
0.052797,
0.052797,
0.052795,
0.052795,
0.052793,
0.052793,
0.052792,
0.052792,
0.052790,
0.052790,
0.052788,
0.052788,
0.052787,
0.052787,
0.052785,
0.052785,
0.052783,
0.052783,
0.052781,
0.052781,
0.052780,
0.052780,
0.052778,
0.052778,
0.052776,
0.052776,
0.052775,
0.052775,
0.052773,
0.052773,
0.052771,
0.052771,
0.052770,
0.052770,
0.052768,
0.052768,
0.052766,
0.052766,
0.052765,
0.052765,
0.052763,
0.052763,
0.052761,
0.052761,
0.052759,
0.052759,
0.052758,
0.052758,
0.052756,
0.052756,
0.052754,
0.052754,
0.052753,
0.052753,
0.052751,
0.052751,
0.052749,
0.052749,
0.052748,
0.052748,
0.052746,
0.052746,
0.052744,
0.052744,
0.052743,
0.052743,
0.052741,
0.052741,
0.052739,
0.052739,
0.052738,
0.052738,
0.052736,
0.052736,
0.052734,
0.052734,
0.052733,
0.052733,
0.052731,
0.052731,
0.052729,
0.052729,
0.052728,
0.052728,
0.052726,
0.052726,
0.052724,
0.052724,
0.052722,
0.052722,
0.052721,
0.052721,
0.052719,
0.052719,
0.052717,
0.052717,
0.052716,
0.052716,
0.052714,
0.052714,
0.052712,
0.052712,
0.052711,
0.052711,
0.052709,
0.052709,
0.052707,
0.052707,
0.052706,
0.052706,
0.052704,
0.052704,
0.052702,
0.052702,
0.052701,
0.052701,
0.052699,
0.052699,
0.052697,
0.052697,
0.052696,
0.052696,
0.052694,
0.052694,
0.052692,
0.052692,
0.052691,
0.052691,
0.052689,
0.052689,
0.052687,
0.052687,
0.052686,
0.052686,
0.052684,
0.052684,
0.052682,
0.052682,
0.052681,
0.052681,
0.052679,
0.052679,
0.052677,
0.052677,
0.052676,
0.052676,
0.052674,
0.052674,
0.052672,
0.052672,
0.052671,
0.052671,
0.052669,
0.052669,
0.052667,
0.052667,
0.052666,
0.052666,
0.052664,
0.052664,
0.052662,
0.052662,
0.052661,
0.052661,
0.052659,
0.052659,
0.052657,
0.052657,
0.052656,
0.052656,
0.052654,
0.052654,
0.052652,
0.052652,
0.052651,
0.052651,
0.052649,
0.052649,
0.052647,
0.052647,
0.052646,
0.052646,
0.052644,
0.052644,
0.052642,
0.052642,
0.052641,
0.052641,
0.052639,
0.052639,
0.052638,
0.052638,
0.052636,
0.052636,
0.052634,
0.052634,
0.052633,
0.052633,
0.052631,
0.052631,
0.052629,
0.052629,
0.052628,
0.052628,
0.052626,
0.052626,
0.052624,
0.052624,
0.052623,
0.052623,
0.052621,
0.052621,
0.052619,
0.052619,
0.052618,
0.052618,
0.052616,
0.052616,
0.052614,
0.052614,
0.052613,
0.052613,
0.052611,
0.052611,
0.052609,
0.052609,
0.052608,
0.052608,
0.052606,
0.052606,
0.052605,
0.052605,
0.052603,
0.052603,
0.052601,
0.052601,
0.052600,
0.052600,
0.052598,
0.052598,
0.052596,
0.052596,
0.052595,
0.052595,
0.052593,
0.052593,
0.052591,
0.052591,
0.052590,
0.052590,
0.052588,
0.052588,
0.052586,
0.052586,
0.052585,
0.052585,
0.052583,
0.052583,
0.052582,
0.052582,
0.052580,
0.052580,
0.052578,
0.052578,
0.052577,
0.052577,
0.052575,
0.052575,
0.052573,
0.052573,
0.052572,
0.052572,
0.052570,
0.052570,
0.052568,
0.052568,
0.052567,
0.052567,
0.052565,
0.052565,
0.052564,
0.052564,
0.052562,
0.052562,
0.052560,
0.052560,
0.052559,
0.052559,
0.052557,
0.052557,
0.052555,
0.052555,
0.052554,
0.052554,
0.052552,
0.052552,
0.052550,
0.052550,
0.052549,
0.052549,
0.052547,
0.052547,
0.052546,
0.052546,
0.052544,
0.052544,
0.052542,
0.052542,
0.052541,
0.052541,
0.052539,
0.052539,
0.052537,
0.052537,
0.052536,
0.052536,
0.052534,
0.052534,
0.052533,
0.052533,
0.052531,
0.052531,
0.052529,
0.052529,
0.052528,
0.052528,
0.052526,
0.052526,
0.052524,
0.052524,
0.052523,
0.052523,
0.052521,
0.052521,
0.052520,
0.052520,
0.052518,
0.052518,
0.052516,
0.052516,
0.052515,
0.052515,
0.052513,
0.052513,
0.052511,
0.052511,
0.052510,
0.052510,
0.052508,
0.052508,
0.052507,
0.052507,
0.052505,
0.052505,
0.052503,
0.052503,
0.052502,
0.052502,
0.052500,
0.052500,
0.052499,
0.052499,
0.052497,
0.052497,
0.052495,
0.052495,
0.052494,
0.052494,
0.052492,
0.052492,
0.052490,
0.052490,
0.052489,
0.052489,
0.052487,
0.052487,
0.052486,
0.052486,
0.052484,
0.052484,
0.052482,
0.052482,
0.052481,
0.052481,
0.052479,
0.052479,
0.052478,
0.052478,
0.052476,
0.052476,
0.052474,
0.052474,
0.052473,
0.052473,
0.052471,
0.052471,
0.052469,
0.052469,
0.052468,
0.052468,
0.052466,
0.052466,
0.052465,
0.052465,
0.052463,
0.052463,
0.052461,
0.052461,
0.052460,
0.052460,
0.052458,
0.052458,
0.052457,
0.052457,
0.052455,
0.052455,
0.052453,
0.052453,
0.052452,
0.052452,
0.052450,
0.052450,
0.052449,
0.052449,
0.052447,
0.052447,
0.052445,
0.052445,
0.052444,
0.052444,
0.052442,
0.052442,
0.052441,
0.052441,
0.052439,
0.052439,
0.052437,
0.052437,
0.052436,
0.052436,
0.052434,
0.052434,
0.052433,
0.052433,
0.052431,
0.052431,
0.052429,
0.052429,
0.052428,
0.052428,
0.052426,
0.052426,
0.052425,
0.052425,
0.052423,
0.052423,
0.052421,
0.052421,
0.052420,
0.052420,
0.052418,
0.052418,
0.052417,
0.052417,
0.052415,
0.052415,
0.052413,
0.052413,
0.052412,
0.052412,
0.052410,
0.052410,
0.052409,
0.052409,
0.052407,
0.052407,
0.052405,
0.052405,
0.052404,
0.052404,
0.052402,
0.052402,
0.052401,
0.052401,
0.052399,
0.052399,
0.052398,
0.052398,
0.052396,
0.052396,
0.052394,
0.052394,
0.052393,
0.052393,
0.052391,
0.052391,
0.052390,
0.052390,
0.052388,
0.052388,
0.052386,
0.052386,
0.052385,
0.052385,
0.052383,
0.052383,
0.052382,
0.052382,
0.052380,
0.052380,
0.052378,
0.052378,
0.052377,
0.052377,
0.052375,
0.052375,
0.052374,
0.052374,
0.052372,
0.052372,
0.052371,
0.052371,
0.052369,
0.052369,
0.052367,
0.052367,
0.052366,
0.052366,
0.052364,
0.052364,
0.052363,
0.052363,
0.052361,
0.052361,
0.052360,
0.052360,
0.052358,
0.052358,
0.052356,
0.052356,
0.052355,
0.052355,
0.052353,
0.052353,
0.052352,
0.052352,
0.052350,
0.052350,
0.052348,
0.052348,
0.052347,
0.052347,
0.052345,
0.052345,
0.052344,
0.052344,
0.052342,
0.052342,
0.052341,
0.052341,
0.052339,
0.052339,
0.052337,
0.052337,
0.052336,
0.052336,
0.052334,
0.052334,
0.052333,
0.052333,
0.052331,
0.052331,
0.052330,
0.052330,
0.052328,
0.052328,
0.052326,
0.052326,
0.052325,
0.052325,
0.052323,
0.052323,
0.052322,
0.052322,
0.052320,
0.052320,
0.052319,
0.052319,
0.052317,
0.052317,
0.052315,
0.052315,
0.052314,
0.052314,
0.052312,
0.052312,
0.052311,
0.052311,
0.052309,
0.052309,
0.052308,
0.052308,
0.052306,
0.052306,
0.052304,
0.052304,
0.052303,
0.052303,
0.052301,
0.052301,
0.052300,
0.052300,
0.052298,
0.052298,
0.052297,
0.052297,
0.052295,
0.052295,
0.052294,
0.052294,
0.052292,
0.052292,
0.052290,
0.052290,
0.052289,
0.052289,
0.052287,
0.052287,
0.052286,
0.052286,
0.052284,
0.052284,
0.052283,
0.052283,
0.052281,
0.052281,
0.052280,
0.052280,
0.052278,
0.052278,
0.052276,
0.052276,
0.052275,
0.052275,
0.052273,
0.052273,
0.052272,
0.052272,
0.052270,
0.052270,
0.052269,
0.052269,
0.052267,
0.052267,
0.052266,
0.052266,
0.052264,
0.052264,
0.052262,
0.052262,
0.052261,
0.052261,
0.052259,
0.052259,
0.052258,
0.052258,
0.052256,
0.052256,
0.052255,
0.052255,
0.052253,
0.052253,
0.052252,
0.052252,
0.052250,
0.052250,
0.052248,
0.052248,
0.052247,
0.052247,
0.052245,
0.052245,
0.052244,
0.052244,
0.052242,
0.052242,
0.052241,
0.052241,
0.052239,
0.052239,
0.052238,
0.052238,
0.052236,
0.052236,
0.052235,
0.052235,
0.052233,
0.052233,
0.052231,
0.052231,
0.052230,
0.052230,
0.052228,
0.052228,
0.052227,
0.052227,
0.052225,
0.052225,
0.052224,
0.052224,
0.052222,
0.052222,
0.052221,
0.052221,
0.052219,
0.052219,
0.052218,
0.052218,
0.052216,
0.052216,
0.052214,
0.052214,
0.052213,
0.052213,
0.052211,
0.052211,
0.052210,
0.052210,
0.052208,
0.052208,
0.052207,
0.052207,
0.052205,
0.052205,
0.052204,
0.052204,
0.052202,
0.052202,
0.052201,
0.052201,
0.052199,
0.052199,
0.052198,
0.052198,
0.052196,
0.052196,
0.052194,
0.052194,
0.052193,
0.052193,
0.052191,
0.052191,
0.052190,
0.052190,
0.052188,
0.052188,
0.052187,
0.052187,
0.052185,
0.052185,
0.052184,
0.052184,
0.052182,
0.052182,
0.052181,
0.052181,
0.052179,
0.052179,
0.052178,
0.052178,
0.052176,
0.052176,
0.052175,
0.052175,
0.052173,
0.052173,
0.052172,
0.052172,
0.052170,
0.052170,
0.052168,
0.052168,
0.052167,
0.052167,
0.052165,
0.052165,
0.052164,
0.052164,
0.052162,
0.052162,
0.052161,
0.052161,
0.052159,
0.052159,
0.052158,
0.052158,
0.052156,
0.052156,
0.052155,
0.052155,
0.052153,
0.052153,
0.052152,
0.052152,
0.052150,
0.052150,
0.052149,
0.052149,
0.052147,
0.052147,
0.052146,
0.052146,
0.052144,
0.052144,
0.052143,
0.052143,
0.052141,
0.052141,
0.052140,
0.052140,
0.052138,
0.052138,
0.052136,
0.052136,
0.052135,
0.052135,
0.052133,
0.052133,
0.052132,
0.052132,
0.052130,
0.052130,
0.052129,
0.052129,
0.052127,
0.052127,
0.052126,
0.052126,
0.052124,
0.052124,
0.052123,
0.052123,
0.052121,
0.052121,
0.052120,
0.052120,
0.052118,
0.052118,
0.052117,
0.052117,
0.052115,
0.052115,
0.052114,
0.052114,
0.052112,
0.052112,
0.052111,
0.052111,
0.052109,
0.052109,
0.052108,
0.052108,
0.052106,
0.052106,
0.052105,
0.052105,
0.052103,
0.052103,
0.052102,
0.052102,
0.052100,
0.052100,
0.052099,
0.052099,
0.052097,
0.052097,
0.052096,
0.052096,
0.052094,
0.052094,
0.052093,
0.052093,
0.052091,
0.052091,
0.052090,
0.052090,
0.052088,
0.052088,
0.052087,
0.052087,
0.052085,
0.052085,
0.052084,
0.052084,
0.052082,
0.052082,
0.052081,
0.052081,
0.052079,
0.052079,
0.052078,
0.052078,
0.052076,
0.052076,
0.052075,
0.052075,
0.052073,
0.052073,
0.052072,
0.052072,
0.052070,
0.052070,
0.052069,
0.052069,
0.052067,
0.052067,
0.052066,
0.052066,
0.052064,
0.052064,
0.052063,
0.052063,
0.052061,
0.052061,
0.052060,
0.052060,
0.052058,
0.052058,
0.052057,
0.052057,
0.052055,
0.052055,
0.052054,
0.052054,
0.052052,
0.052052,
0.052051,
0.052051,
0.052049,
0.052049,
0.052048,
0.052048,
0.052046,
0.052046,
0.052045,
0.052045,
0.052043,
0.052043,
0.052042,
0.052042,
0.052040,
0.052040,
0.052039,
0.052039,
0.052037,
0.052037,
0.052036,
0.052036,
0.052034,
0.052034,
0.052033,
0.052033,
0.052031,
0.052031,
0.052030,
0.052030,
0.052028,
0.052028,
0.052027,
0.052027,
0.052025,
0.052025,
0.052024,
0.052024,
0.052022,
0.052022,
0.052021,
0.052021,
0.052019,
0.052019,
0.052018,
0.052018,
0.052016,
0.052016,
0.052015,
0.052015,
0.052013,
0.052013,
0.052012,
0.052012,
0.052010,
0.052010,
0.052009,
0.052009,
0.052007,
0.052007,
0.052006,
0.052006,
0.052004,
0.052004,
0.052003,
0.052003,
0.052001,
0.052001,
0.052000,
0.052000,
0.051998,
0.051998,
0.051997,
0.051997,
0.051995,
0.051995,
0.051994,
0.051994,
0.051992,
0.051992,
0.051991,
0.051991,
0.051990,
0.051990,
0.051988,
0.051988,
0.051987,
0.051987,
0.051985,
0.051985,
0.051984,
0.051984,
0.051982,
0.051982,
0.051981,
0.051981,
0.051979,
0.051979,
0.051978,
0.051978,
0.051976,
0.051976,
0.051975,
0.051975,
0.051973,
0.051973,
0.051972,
0.051972,
0.051970,
0.051970,
0.051969,
0.051969,
0.051967,
0.051967,
0.051966,
0.051966,
0.051964,
0.051964,
0.051963,
0.051963,
0.051961,
0.051961,
0.051960,
0.051960,
0.051959,
0.051959,
0.051957,
0.051957,
0.051956,
0.051956,
0.051954,
0.051954,
0.051953,
0.051953,
0.051951,
0.051951,
0.051950,
0.051950,
0.051948,
0.051948,
0.051947,
0.051947,
0.051945,
0.051945,
0.051944,
0.051944,
0.051942,
0.051942,
0.051941,
0.051941,
0.051939,
0.051939,
0.051938,
0.051938,
0.051937,
0.051937,
0.051935,
0.051935,
0.051934,
0.051934,
0.051932,
0.051932,
0.051931,
0.051931,
0.051929,
0.051929,
0.051928,
0.051928,
0.051926,
0.051926,
0.051925,
0.051925,
0.051923,
0.051923,
0.051922,
0.051922,
0.051920,
0.051920,
0.051919,
0.051919,
0.051917,
0.051917,
0.051916,
0.051916,
0.051915,
0.051915,
0.051913,
0.051913,
0.051912,
0.051912,
0.051910,
0.051910,
0.051909,
0.051909,
0.051907,
0.051907,
0.051906,
0.051906,
0.051904,
0.051904,
0.051903,
0.051903,
0.051901,
0.051901,
0.051900,
0.051900,
0.051899,
0.051899,
0.051897,
0.051897,
0.051896,
0.051896,
0.051894,
0.051894,
0.051893,
0.051893,
0.051891,
0.051891,
0.051890,
0.051890,
0.051888,
0.051888,
0.051887,
0.051887,
0.051885,
0.051885,
0.051884,
0.051884,
0.051883,
0.051883,
0.051881,
0.051881,
0.051880,
0.051880,
0.051878,
0.051878,
0.051877,
0.051877,
0.051875,
0.051875,
0.051874,
0.051874,
0.051872,
0.051872,
0.051871,
0.051871,
0.051869,
0.051869,
0.051868,
0.051868,
0.051867,
0.051867,
0.051865,
0.051865,
0.051864,
0.051864,
0.051862,
0.051862,
0.051861,
0.051861,
0.051859,
0.051859,
0.051858,
0.051858,
0.051856,
0.051856,
0.051855,
0.051855,
0.051854,
0.051854,
0.051852,
0.051852,
0.051851,
0.051851,
0.051849,
0.051849,
0.051848,
0.051848,
0.051846,
0.051846,
0.051845,
0.051845,
0.051843,
0.051843,
0.051842,
0.051842,
0.051841,
0.051841,
0.051839,
0.051839,
0.051838,
0.051838,
0.051836,
0.051836,
0.051835,
0.051835,
0.051833,
0.051833,
0.051832,
0.051832,
0.051831,
0.051831,
0.051829,
0.051829,
0.051828,
0.051828,
0.051826,
0.051826,
0.051825,
0.051825,
0.051823,
0.051823,
0.051822,
0.051822,
0.051820,
0.051820,
0.051819,
0.051819,
0.051818,
0.051818,
0.051816,
0.051816,
0.051815,
0.051815,
0.051813,
0.051813,
0.051812,
0.051812,
0.051810,
0.051810,
0.051809,
0.051809,
0.051808,
0.051808,
0.051806,
0.051806,
0.051805,
0.051805,
0.051803,
0.051803,
0.051802,
0.051802,
0.051800,
0.051800,
0.051799,
0.051799,
0.051798,
0.051798,
0.051796,
0.051796,
0.051795,
0.051795,
0.051793,
0.051793,
0.051792,
0.051792,
0.051790,
0.051790,
0.051789,
0.051789,
0.051788,
0.051788,
0.051786,
0.051786,
0.051785,
0.051785,
0.051783,
0.051783,
0.051782,
0.051782,
0.051780,
0.051780,
0.051779,
0.051779,
0.051778,
0.051778,
0.051776,
0.051776,
0.051775,
0.051775,
0.051773,
0.051773,
0.051772,
0.051772,
0.051771,
0.051771,
0.051769,
0.051769,
0.051768,
0.051768,
0.051766,
0.051766,
0.051765,
0.051765,
0.051763,
0.051763,
0.051762,
0.051762,
0.051761,
0.051761,
0.051759,
0.051759,
0.051758,
0.051758,
0.051756,
0.051756,
0.051755,
0.051755,
0.051753,
0.051753,
0.051752,
0.051752,
0.051751,
0.051751,
0.051749,
0.051749,
0.051748,
0.051748,
0.051746,
0.051746,
0.051745,
0.051745,
0.051744,
0.051744,
0.051742,
0.051742,
0.051741,
0.051741,
0.051739,
0.051739,
0.051738,
0.051738,
0.051736,
0.051736,
0.051735,
0.051735,
0.051734,
0.051734,
0.051732,
0.051732,
0.051731,
0.051731,
0.051729,
0.051729,
0.051728,
0.051728,
0.051727,
0.051727,
0.051725,
0.051725,
0.051724,
0.051724,
0.051722,
0.051722,
0.051721,
0.051721,
0.051720,
0.051720,
0.051718,
0.051718,
0.051717,
0.051717,
0.051715,
0.051715,
0.051714,
0.051714,
0.051713,
0.051713,
0.051711,
0.051711,
0.051710,
0.051710,
0.051708,
0.051708,
0.051707,
0.051707,
0.051706,
0.051706,
0.051704,
0.051704,
0.051703,
0.051703,
0.051701,
0.051701,
0.051700,
0.051700,
0.051698,
0.051698,
0.051697,
0.051697,
0.051696,
0.051696,
0.051694,
0.051694,
0.051693,
0.051693,
0.051691,
0.051691,
0.051690,
0.051690,
0.051689,
0.051689,
0.051687,
0.051687,
0.051686,
0.051686,
0.051684,
0.051684,
0.051683,
0.051683,
0.051682,
0.051682,
0.051680,
0.051680,
0.051679,
0.051679,
0.051677,
0.051677,
0.051676,
0.051676,
0.051675,
0.051675,
0.051673,
0.051673,
0.051672,
0.051672,
0.051671,
0.051671,
0.051669,
0.051669,
0.051668,
0.051668,
0.051666,
0.051666,
0.051665,
0.051665,
0.051664,
0.051664,
0.051662,
0.051662,
0.051661,
0.051661,
0.051659,
0.051659,
0.051658,
0.051658,
0.051657,
0.051657,
0.051655,
0.051655,
0.051654,
0.051654,
0.051652,
0.051652,
0.051651,
0.051651,
0.051650,
0.051650,
0.051648,
0.051648,
0.051647,
0.051647,
0.051645,
0.051645,
0.051644,
0.051644,
0.051643,
0.051643,
0.051641,
0.051641,
0.051640,
0.051640,
0.051639,
0.051639,
0.051637,
0.051637,
0.051636,
0.051636,
0.051634,
0.051634,
0.051633,
0.051633,
0.051632,
0.051632,
0.051630,
0.051630,
0.051629,
0.051629,
0.051627,
0.051627,
0.051626,
0.051626,
0.051625,
0.051625,
0.051623,
0.051623,
0.051622,
0.051622,
0.051621,
0.051621,
0.051619,
0.051619,
0.051618,
0.051618,
0.051616,
0.051616,
0.051615,
0.051615,
0.051614,
0.051614,
0.051612,
0.051612,
0.051611,
0.051611,
0.051609,
0.051609,
0.051608,
0.051608,
0.051607,
0.051607,
0.051605,
0.051605,
0.051604,
0.051604,
0.051603,
0.051603,
0.051601,
0.051601,
0.051600,
0.051600,
0.051598,
0.051598,
0.051597,
0.051597,
0.051596,
0.051596,
0.051594,
0.051594,
0.051593,
0.051593,
0.051592,
0.051592,
0.051590,
0.051590,
0.051589,
0.051589,
0.051587,
0.051587,
0.051586,
0.051586,
0.051585,
0.051585,
0.051583,
0.051583,
0.051582,
0.051582,
0.051581,
0.051581,
0.051579,
0.051579,
0.051578,
0.051578,
0.051576,
0.051576,
0.051575,
0.051575,
0.051574,
0.051574,
0.051572,
0.051572,
0.051571,
0.051571,
0.051570,
0.051570,
0.051568,
0.051568,
0.051567,
0.051567,
0.051566,
0.051566,
0.051564,
0.051564,
0.051563,
0.051563,
0.051561,
0.051561,
0.051560,
0.051560,
0.051559,
0.051559,
0.051557,
0.051557,
0.051556,
0.051556,
0.051555,
0.051555,
0.051553,
0.051553,
0.051552,
0.051552,
0.051551,
0.051551,
0.051549,
0.051549,
0.051548,
0.051548,
0.051546,
0.051546,
0.051545,
0.051545,
0.051544,
0.051544,
0.051542,
0.051542,
0.051541,
0.051541,
0.051540,
0.051540,
0.051538,
0.051538,
0.051537,
0.051537,
0.051536,
0.051536,
0.051534,
0.051534,
0.051533,
0.051533,
0.051531,
0.051531,
0.051530,
0.051530,
0.051529,
0.051529,
0.051527,
0.051527,
0.051526,
0.051526,
0.051525,
0.051525,
0.051523,
0.051523,
0.051522,
0.051522,
0.051521,
0.051521,
0.051519,
0.051519,
0.051518,
0.051518,
0.051517,
0.051517,
0.051515,
0.051515,
0.051514,
0.051514,
0.051512,
0.051512,
0.051511,
0.051511,
0.051510,
0.051510,
0.051508,
0.051508,
0.051507,
0.051507,
0.051506,
0.051506,
0.051504,
0.051504,
0.051503,
0.051503,
0.051502,
0.051502,
0.051500,
0.051500,
0.051499,
0.051499,
0.051498,
0.051498,
0.051496,
0.051496,
0.051495,
0.051495,
0.051494,
0.051494,
0.051492,
0.051492,
0.051491,
0.051491,
0.051490,
0.051490,
0.051488,
0.051488,
0.051487,
0.051487,
0.051485,
0.051485,
0.051484,
0.051484,
0.051483,
0.051483,
0.051481,
0.051481,
0.051480,
0.051480,
0.051479,
0.051479,
0.051477,
0.051477,
0.051476,
0.051476,
0.051475,
0.051475,
0.051473,
0.051473,
0.051472,
0.051472,
0.051471,
0.051471,
0.051469,
0.051469,
0.051468,
0.051468,
0.051467,
0.051467,
0.051465,
0.051465,
0.051464,
0.051464,
0.051463,
0.051463,
0.051461,
0.051461,
0.051460,
0.051460,
0.051459,
0.051459,
0.051457,
0.051457,
0.051456,
0.051456,
0.051455,
0.051455,
0.051453,
0.051453,
0.051452,
0.051452,
0.051451,
0.051451,
0.051449,
0.051449,
0.051448,
0.051448,
0.051447,
0.051447,
0.051445,
0.051445,
0.051444,
0.051444,
0.051443,
0.051443,
0.051441,
0.051441,
0.051440,
0.051440,
0.051439,
0.051439,
0.051437,
0.051437,
0.051436,
0.051436,
0.051435,
0.051435,
0.051433,
0.051433,
0.051432,
0.051432,
0.051431,
0.051431,
0.051429,
0.051429,
0.051428,
0.051428,
0.051427,
0.051427,
0.051425,
0.051425,
0.051424,
0.051424,
0.051423,
0.051423,
0.051421,
0.051421,
0.051420,
0.051420,
0.051419,
0.051419,
0.051417,
0.051417,
0.051416,
0.051416,
0.051415,
0.051415,
0.051413,
0.051413,
0.051412,
0.051412,
0.051411,
0.051411,
0.051409,
0.051409,
0.051408,
0.051408,
0.051407,
0.051407,
0.051405,
0.051405,
0.051404,
0.051404,
0.051403,
0.051403,
0.051401,
0.051401,
0.051400,
0.051400,
0.051399,
0.051399,
0.051397,
0.051397,
0.051396,
0.051396,
0.051395,
0.051395,
0.051393,
0.051393,
0.051392,
0.051392,
0.051391,
0.051391,
0.051389,
0.051389,
0.051388,
0.051388,
0.051387,
0.051387,
0.051385,
0.051385,
0.051384,
0.051384,
0.051383,
0.051383,
0.051381,
0.051381,
0.051380,
0.051380,
0.051379,
0.051379,
0.051378,
0.051378,
0.051376,
0.051376,
0.051375,
0.051375,
0.051374,
0.051374,
0.051372,
0.051372,
0.051371,
0.051371,
0.051370,
0.051370,
0.051368,
0.051368,
0.051367,
0.051367,
0.051366,
0.051366,
0.051364,
0.051364,
0.051363,
0.051363,
0.051362,
0.051362,
0.051360,
0.051360,
0.051359,
0.051359,
0.051358,
0.051358,
0.051356,
0.051356,
0.051355,
0.051355,
0.051354,
0.051354,
0.051353,
0.051353,
0.051351,
0.051351,
0.051350,
0.051350,
0.051349,
0.051349,
0.051347,
0.051347,
0.051346,
0.051346,
0.051345,
0.051345,
0.051343,
0.051343,
0.051342,
0.051342,
0.051341,
0.051341,
0.051339,
0.051339,
0.051338,
0.051338,
0.051337,
0.051337,
0.051336,
0.051336,
0.051334,
0.051334,
0.051333,
0.051333,
0.051332,
0.051332,
0.051330,
0.051330,
0.051329,
0.051329,
0.051328,
0.051328,
0.051326,
0.051326,
0.051325,
0.051325,
0.051324,
0.051324,
0.051322,
0.051322,
0.051321,
0.051321,
0.051320,
0.051320,
0.051319,
0.051319,
0.051317,
0.051317,
0.051316,
0.051316,
0.051315,
0.051315,
0.051313,
0.051313,
0.051312,
0.051312,
0.051311,
0.051311,
0.051309,
0.051309,
0.051308,
0.051308,
0.051307,
0.051307,
0.051306,
0.051306,
0.051304,
0.051304,
0.051303,
0.051303,
0.051302,
0.051302,
0.051300,
0.051300,
0.051299,
0.051299,
0.051298,
0.051298,
0.051296,
0.051296,
0.051295,
0.051295,
0.051294,
0.051294,
0.051293,
0.051293,
0.051291,
0.051291,
0.051290,
0.051290,
0.051289,
0.051289,
0.051287,
0.051287,
0.051286,
0.051286,
0.051285,
0.051285,
0.051284,
0.051284,
0.051282,
0.051282,
0.051281,
0.051281,
0.051280,
0.051280,
0.051278,
0.051278,
0.051277,
0.051277,
0.051276,
0.051276,
0.051274,
0.051274,
0.051273,
0.051273,
0.051272,
0.051272,
0.051271,
0.051271,
0.051269,
0.051269,
0.051268,
0.051268,
0.051267,
0.051267,
0.051265,
0.051265,
0.051264,
0.051264,
0.051263,
0.051263,
0.051262,
0.051262,
0.051260,
0.051260,
0.051259,
0.051259,
0.051258,
0.051258,
0.051256,
0.051256,
0.051255,
0.051255,
0.051254,
0.051254,
0.051253,
0.051253,
0.051251,
0.051251,
0.051250,
0.051250,
0.051249,
0.051249,
0.051247,
0.051247,
0.051246,
0.051246,
0.051245,
0.051245,
0.051244,
0.051244,
0.051242,
0.051242,
0.051241,
0.051241,
0.051240,
0.051240,
0.051238,
0.051238,
0.051237,
0.051237,
0.051236,
0.051236,
0.051235,
0.051235,
0.051233,
0.051233,
0.051232,
0.051232,
0.051231,
0.051231,
0.051229,
0.051229,
0.051228,
0.051228,
0.051227,
0.051227,
0.051226,
0.051226,
0.051224,
0.051224,
0.051223,
0.051223,
0.051222,
0.051222,
0.051221,
0.051221,
0.051219,
0.051219,
0.051218,
0.051218,
0.051217,
0.051217,
0.051215,
0.051215,
0.051214,
0.051214,
0.051213,
0.051213,
0.051212,
0.051212,
0.051210,
0.051210,
0.051209,
0.051209,
0.051208,
0.051208,
0.051206,
0.051206,
0.051205,
0.051205,
0.051204,
0.051204,
0.051203,
0.051203,
0.051201,
0.051201,
0.051200,
0.051200,
0.051199,
0.051199,
0.051198,
0.051198,
0.051196,
0.051196,
0.051195,
0.051195,
0.051194,
0.051194,
0.051192,
0.051192,
0.051191,
0.051191,
0.051190,
0.051190,
0.051189,
0.051189,
0.051187,
0.051187,
0.051186,
0.051186,
0.051185,
0.051185,
0.051184,
0.051184,
0.051182,
0.051182,
0.051181,
0.051181,
0.051180,
0.051180,
0.051179,
0.051179,
0.051177,
0.051177,
0.051176,
0.051176,
0.051175,
0.051175,
0.051173,
0.051173,
0.051172,
0.051172,
0.051171,
0.051171,
0.051170,
0.051170,
0.051168,
0.051168,
0.051167,
0.051167,
0.051166,
0.051166,
0.051165,
0.051165,
0.051163,
0.051163,
0.051162,
0.051162,
0.051161,
0.051161,
0.051160,
0.051160,
0.051158,
0.051158,
0.051157,
0.051157,
0.051156,
0.051156,
0.051155,
0.051155,
0.051153,
0.051153,
0.051152,
0.051152,
0.051151,
0.051151,
0.051149,
0.051149,
0.051148,
0.051148,
0.051147,
0.051147,
0.051146,
0.051146,
0.051144,
0.051144,
0.051143,
0.051143,
0.051142,
0.051142,
0.051141,
0.051141,
0.051139,
0.051139,
0.051138,
0.051138,
0.051137,
0.051137,
0.051136,
0.051136,
0.051134,
0.051134,
0.051133,
0.051133,
0.051132,
0.051132,
0.051131,
0.051131,
0.051129,
0.051129,
0.051128,
0.051128,
0.051127,
0.051127,
0.051126,
0.051126,
0.051124,
0.051124,
0.051123,
0.051123,
0.051122,
0.051122,
0.051121,
0.051121,
0.051119,
0.051119,
0.051118,
0.051118,
0.051117,
0.051117,
0.051116,
0.051116,
0.051114,
0.051114,
0.051113,
0.051113,
0.051112,
0.051112,
0.051111,
0.051111,
0.051109,
0.051109,
0.051108,
0.051108,
0.051107,
0.051107,
0.051106,
0.051106,
0.051104,
0.051104,
0.051103,
0.051103,
0.051102,
0.051102,
0.051101,
0.051101,
0.051099,
0.051099,
0.051098,
0.051098,
0.051097,
0.051097,
0.051096,
0.051096,
0.051094,
0.051094,
0.051093,
0.051093,
0.051092,
0.051092,
0.051091,
0.051091,
0.051089,
0.051089,
0.051088,
0.051088,
0.051087,
0.051087,
0.051086,
0.051086,
0.051084,
0.051084,
0.051083,
0.051083,
0.051082,
0.051082,
0.051081,
0.051081,
0.051079,
0.051079,
0.051078,
0.051078,
0.051077,
0.051077,
0.051076,
0.051076,
0.051075,
0.051075,
0.051073,
0.051073,
0.051072,
0.051072,
0.051071,
0.051071,
0.051070,
0.051070,
0.051068,
0.051068,
0.051067,
0.051067,
0.051066,
0.051066,
0.051065,
0.051065,
0.051063,
0.051063,
0.051062,
0.051062,
0.051061,
0.051061,
0.051060,
0.051060,
0.051058,
0.051058,
0.051057,
0.051057,
0.051056,
0.051056,
0.051055,
0.051055,
0.051054,
0.051054,
0.051052,
0.051052,
0.051051,
0.051051,
0.051050,
0.051050,
0.051049,
0.051049,
0.051047,
0.051047,
0.051046,
0.051046,
0.051045,
0.051045,
0.051044,
0.051044,
0.051042,
0.051042,
0.051041,
0.051041,
0.051040,
0.051040,
0.051039,
0.051039,
0.051037,
0.051037,
0.051036,
0.051036,
0.051035,
0.051035,
0.051034,
0.051034,
0.051033,
0.051033,
0.051031,
0.051031,
0.051030,
0.051030,
0.051029,
0.051029,
0.051028,
0.051028,
0.051026,
0.051026,
0.051025,
0.051025,
0.051024,
0.051024,
0.051023,
0.051023,
0.051022,
0.051022,
0.051020,
0.051020,
0.051019,
0.051019,
0.051018,
0.051018,
0.051017,
0.051017,
0.051015,
0.051015,
0.051014,
0.051014,
0.051013,
0.051013,
0.051012,
0.051012,
0.051011,
0.051011,
0.051009,
0.051009,
0.051008,
0.051008,
0.051007,
0.051007,
0.051006,
0.051006,
0.051004,
0.051004,
0.051003,
0.051003,
0.051002,
0.051002,
0.051001,
0.051001,
0.051000,
0.051000,
0.050998,
0.050998,
0.050997,
0.050997,
0.050996,
0.050996,
0.050995,
0.050995,
0.050993,
0.050993,
0.050992,
0.050992,
0.050991,
0.050991,
0.050990,
0.050990,
0.050989,
0.050989,
0.050987,
0.050987,
0.050986,
0.050986,
0.050985,
0.050985,
0.050984,
0.050984,
0.050982,
0.050982,
0.050981,
0.050981,
0.050980,
0.050980,
0.050979,
0.050979,
0.050978,
0.050978,
0.050976,
0.050976,
0.050975,
0.050975,
0.050974,
0.050974,
0.050973,
0.050973,
0.050972,
0.050972,
0.050970,
0.050970,
0.050969,
0.050969,
0.050968,
0.050968,
0.050967,
0.050967,
0.050965,
0.050965,
0.050964,
0.050964,
0.050963,
0.050963,
0.050962,
0.050962,
0.050961,
0.050961,
0.050959,
0.050959,
0.050958,
0.050958,
0.050957,
0.050957,
0.050956,
0.050956,
0.050955,
0.050955,
0.050953,
0.050953,
0.050952,
0.050952,
0.050951,
0.050951,
0.050950,
0.050950,
0.050949,
0.050949,
0.050947,
0.050947,
0.050946,
0.050946,
0.050945,
0.050945,
0.050944,
0.050944,
0.050943,
0.050943,
0.050941,
0.050941,
0.050940,
0.050940,
0.050939,
0.050939,
0.050938,
0.050938,
0.050936,
0.050936,
0.050935,
0.050935,
0.050934,
0.050934,
0.050933,
0.050933,
0.050932,
0.050932,
0.050930,
0.050930,
0.050929,
0.050929,
0.050928,
0.050928,
0.050927,
0.050927,
0.050926,
0.050926,
0.050924,
0.050924,
0.050923,
0.050923,
0.050922,
0.050922,
0.050921,
0.050921,
0.050920,
0.050920,
0.050918,
0.050918,
0.050917,
0.050917,
0.050916,
0.050916,
0.050915,
0.050915,
0.050914,
0.050914,
0.050912,
0.050912,
0.050911,
0.050911,
0.050910,
0.050910,
0.050909,
0.050909,
0.050908,
0.050908,
0.050906,
0.050906,
0.050905,
0.050905,
0.050904,
0.050904,
0.050903,
0.050903,
0.050902,
0.050902,
0.050900,
0.050900,
0.050899,
0.050899,
0.050898,
0.050898,
0.050897,
0.050897,
0.050896,
0.050896,
0.050895,
0.050895,
0.050893,
0.050893,
0.050892,
0.050892,
0.050891,
0.050891,
0.050890,
0.050890,
0.050889,
0.050889,
0.050887,
0.050887,
0.050886,
0.050886,
0.050885,
0.050885,
0.050884,
0.050884,
0.050883,
0.050883,
0.050881,
0.050881,
0.050880,
0.050880,
0.050879,
0.050879,
0.050878,
0.050878,
0.050877,
0.050877,
0.050875,
0.050875,
0.050874,
0.050874,
0.050873,
0.050873,
0.050872,
0.050872,
0.050871,
0.050871,
0.050870,
0.050870,
0.050868,
0.050868,
0.050867,
0.050867,
0.050866,
0.050866,
0.050865,
0.050865,
0.050864,
0.050864,
0.050862,
0.050862,
0.050861,
0.050861,
0.050860,
0.050860,
0.050859,
0.050859,
0.050858,
0.050858,
0.050856,
0.050856,
0.050855,
0.050855,
0.050854,
0.050854,
0.050853,
0.050853,
0.050852,
0.050852,
0.050851,
0.050851,
0.050849,
0.050849,
0.050848,
0.050848,
0.050847,
0.050847,
0.050846,
0.050846,
0.050845,
0.050845,
0.050843,
0.050843,
0.050842,
0.050842,
0.050841,
0.050841,
0.050840,
0.050840,
0.050839,
0.050839,
0.050838,
0.050838,
0.050836,
0.050836,
0.050835,
0.050835,
0.050834,
0.050834,
0.050833,
0.050833,
0.050832,
0.050832,
0.050831,
0.050831,
0.050829,
0.050829,
0.050828,
0.050828,
0.050827,
0.050827,
0.050826,
0.050826,
0.050825,
0.050825,
0.050823,
0.050823,
0.050822,
0.050822,
0.050821,
0.050821,
0.050820,
0.050820,
0.050819,
0.050819,
0.050818,
0.050818,
0.050816,
0.050816,
0.050815,
0.050815,
0.050814,
0.050814,
0.050813,
0.050813,
0.050812,
0.050812,
0.050811,
0.050811,
0.050809,
0.050809,
0.050808,
0.050808,
0.050807,
0.050807,
0.050806,
0.050806,
0.050805,
0.050805,
0.050804,
0.050804,
0.050802,
0.050802,
0.050801,
0.050801,
0.050800,
0.050800,
0.050799,
0.050799,
0.050798,
0.050798,
0.050797,
0.050797,
0.050795,
0.050795,
0.050794,
0.050794,
0.050793,
0.050793,
0.050792,
0.050792,
0.050791,
0.050791,
0.050790,
0.050790,
0.050788,
0.050788,
0.050787,
0.050787,
0.050786,
0.050786,
0.050785,
0.050785,
0.050784,
0.050784,
0.050783,
0.050783,
0.050781,
0.050781,
0.050780,
0.050780,
0.050779,
0.050779,
0.050778,
0.050778,
0.050777,
0.050777,
0.050776,
0.050776,
0.050774,
0.050774,
0.050773,
0.050773,
0.050772,
0.050772,
0.050771,
0.050771,
0.050770,
0.050770,
0.050769,
0.050769,
0.050767,
0.050767,
0.050766,
0.050766,
0.050765,
0.050765,
0.050764,
0.050764,
0.050763,
0.050763,
0.050762,
0.050762,
0.050760,
0.050760,
0.050759,
0.050759,
0.050758,
0.050758,
0.050757,
0.050757,
0.050756,
0.050756,
0.050755,
0.050755,
0.050754,
0.050754,
0.050752,
0.050752,
0.050751,
0.050751,
0.050750,
0.050750,
0.050749,
0.050749,
0.050748,
0.050748,
0.050747,
0.050747,
0.050745,
0.050745,
0.050744,
0.050744,
0.050743,
0.050743,
0.050742,
0.050742,
0.050741,
0.050741,
0.050740,
0.050740,
0.050738,
0.050738,
0.050737,
0.050737,
0.050736,
0.050736,
0.050735,
0.050735,
0.050734,
0.050734,
0.050733,
0.050733,
0.050732,
0.050732,
0.050730,
0.050730,
0.050729,
0.050729,
0.050728,
0.050728,
0.050727,
0.050727,
0.050726,
0.050726,
0.050725,
0.050725,
0.050724,
0.050724,
0.050722,
0.050722,
0.050721,
0.050721,
0.050720,
0.050720,
0.050719,
0.050719,
0.050718,
0.050718,
0.050717,
0.050717,
0.050715,
0.050715,
0.050714,
0.050714,
0.050713,
0.050713,
0.050712,
0.050712,
0.050711,
0.050711,
0.050710,
0.050710,
0.050709,
0.050709,
0.050707,
0.050707,
0.050706,
0.050706,
0.050705,
0.050705,
0.050704,
0.050704,
0.050703,
0.050703,
0.050702,
0.050702,
0.050701,
0.050701,
0.050699,
0.050699,
0.050698,
0.050698,
0.050697,
0.050697,
0.050696,
0.050696,
0.050695,
0.050695,
0.050694,
0.050694,
0.050693,
0.050693,
0.050691,
0.050691,
0.050690,
0.050690,
0.050689,
0.050689,
0.050688,
0.050688,
0.050687,
0.050687,
0.050686,
0.050686,
0.050685,
0.050685,
0.050683,
0.050683,
0.050682,
0.050682,
0.050681,
0.050681,
0.050680,
0.050680,
0.050679,
0.050679,
0.050678,
0.050678,
0.050677,
0.050677,
0.050676,
0.050676,
0.050674,
0.050674,
0.050673,
0.050673,
0.050672,
0.050672,
0.050671,
0.050671,
0.050670,
0.050670,
0.050669,
0.050669,
0.050668,
0.050668,
0.050666,
0.050666,
0.050665,
0.050665,
0.050664,
0.050664,
0.050663,
0.050663,
0.050662,
0.050662,
0.050661,
0.050661,
0.050660,
0.050660,
0.050658,
0.050658,
0.050657,
0.050657,
0.050656,
0.050656,
0.050655,
0.050655,
0.050654,
0.050654,
0.050653,
0.050653,
0.050652,
0.050652,
0.050651,
0.050651,
0.050649,
0.050649,
0.050648,
0.050648,
0.050647,
0.050647,
0.050646,
0.050646,
0.050645,
0.050645,
0.050644,
0.050644,
0.050643,
0.050643,
0.050642,
0.050642,
0.050640,
0.050640,
0.050639,
0.050639,
0.050638,
0.050638,
0.050637,
0.050637,
0.050636,
0.050636,
0.050635,
0.050635,
0.050634,
0.050634,
0.050633,
0.050633,
0.050631,
0.050631,
0.050630,
0.050630,
0.050629,
0.050629,
0.050628,
0.050628,
0.050627,
0.050627,
0.050626,
0.050626,
0.050625,
0.050625,
0.050624,
0.050624,
0.050622,
0.050622,
0.050621,
0.050621,
0.050620,
0.050620,
0.050619,
0.050619,
0.050618,
0.050618,
0.050617,
0.050617,
0.050616,
0.050616,
0.050615,
0.050615,
0.050613,
0.050613,
0.050612,
0.050612,
0.050611,
0.050611,
0.050610,
0.050610,
0.050609,
0.050609,
0.050608,
0.050608,
0.050607,
0.050607,
0.050606,
0.050606,
0.050604,
0.050604,
0.050603,
0.050603,
0.050602,
0.050602,
0.050601,
0.050601,
0.050600,
0.050600,
0.050599,
0.050599,
0.050598,
0.050598,
0.050597,
0.050597,
0.050595,
0.050595,
0.050594,
0.050594,
0.050593,
0.050593,
0.050592,
0.050592,
0.050591,
0.050591,
0.050590,
0.050590,
0.050589,
0.050589,
0.050588,
0.050588,
0.050587,
0.050587,
0.050585,
0.050585,
0.050584,
0.050584,
0.050583,
0.050583,
0.050582,
0.050582,
0.050581,
0.050581,
0.050580,
0.050580,
0.050579,
0.050579,
0.050578,
0.050578,
0.050577,
0.050577,
0.050575,
0.050575,
0.050574,
0.050574,
0.050573,
0.050573,
0.050572,
0.050572,
0.050571,
0.050571,
0.050570,
0.050570,
0.050569,
0.050569,
0.050568,
0.050568,
0.050567,
0.050567,
0.050565,
0.050565,
0.050564,
0.050564,
0.050563,
0.050563,
0.050562,
0.050562,
0.050561,
0.050561,
0.050560,
0.050560,
0.050559,
0.050559,
0.050558,
0.050558,
0.050557,
0.050557,
0.050555,
0.050555,
0.050554,
0.050554,
0.050553,
0.050553,
0.050552,
0.050552,
0.050551,
0.050551,
0.050550,
0.050550,
0.050549,
0.050549,
0.050548,
0.050548,
0.050547,
0.050547,
0.050546,
0.050546,
0.050544,
0.050544,
0.050543,
0.050543,
0.050542,
0.050542,
0.050541,
0.050541,
0.050540,
0.050540,
0.050539,
0.050539,
0.050538,
0.050538,
0.050537,
0.050537,
0.050536,
0.050536,
0.050534,
0.050534,
0.050533,
0.050533,
0.050532,
0.050532,
0.050531,
0.050531,
0.050530,
0.050530,
0.050529,
0.050529,
0.050528,
0.050528,
0.050527,
0.050527,
0.050526,
0.050526,
0.050525,
0.050525,
0.050523,
0.050523,
0.050522,
0.050522,
0.050521,
0.050521,
0.050520,
0.050520,
0.050519,
0.050519,
0.050518,
0.050518,
0.050517,
0.050517,
0.050516,
0.050516,
0.050515,
0.050515,
0.050514,
0.050514,
0.050513,
0.050513,
0.050511,
0.050511,
0.050510,
0.050510,
0.050509,
0.050509,
0.050508,
0.050508,
0.050507,
0.050507,
0.050506,
0.050506,
0.050505,
0.050505,
0.050504,
0.050504,
0.050503,
0.050503,
0.050502,
0.050502,
0.050500,
0.050500,
0.050499,
0.050499,
0.050498,
0.050498,
0.050497,
0.050497,
0.050496,
0.050496,
0.050495,
0.050495,
0.050494,
0.050494,
0.050493,
0.050493,
0.050492,
0.050492,
0.050491,
0.050491,
0.050490,
0.050490,
0.050488,
0.050488,
0.050487,
0.050487,
0.050486,
0.050486,
0.050485,
0.050485,
0.050484,
0.050484,
0.050483,
0.050483,
0.050482,
0.050482,
0.050481,
0.050481,
0.050480,
0.050480,
0.050479,
0.050479,
0.050478,
0.050478,
0.050477,
0.050477,
0.050475,
0.050475,
0.050474,
0.050474,
0.050473,
0.050473,
0.050472,
0.050472,
0.050471,
0.050471,
0.050470,
0.050470,
0.050469,
0.050469,
0.050468,
0.050468,
0.050467,
0.050467,
0.050466,
0.050466,
0.050465,
0.050465,
0.050463,
0.050463,
0.050462,
0.050462,
0.050461,
0.050461,
0.050460,
0.050460,
0.050459,
0.050459,
0.050458,
0.050458,
0.050457,
0.050457,
0.050456,
0.050456,
0.050455,
0.050455,
0.050454,
0.050454,
0.050453,
0.050453,
0.050452,
0.050452,
0.050451,
0.050451,
0.050449,
0.050449,
0.050448,
0.050448,
0.050447,
0.050447,
0.050446,
0.050446,
0.050445,
0.050445,
0.050444,
0.050444,
0.050443,
0.050443,
0.050442,
0.050442,
0.050441,
0.050441,
0.050440,
0.050440,
0.050439,
0.050439,
0.050438,
0.050438,
0.050436,
0.050436,
0.050435,
0.050435,
0.050434,
0.050434,
0.050433,
0.050433,
0.050432,
0.050432,
0.050431,
0.050431,
0.050430,
0.050430,
0.050429,
0.050429,
0.050428,
0.050428,
0.050427,
0.050427,
0.050426,
0.050426,
0.050425,
0.050425,
0.050424,
0.050424,
0.050423,
0.050423,
0.050421,
0.050421,
0.050420,
0.050420,
0.050419,
0.050419,
0.050418,
0.050418,
0.050417,
0.050417,
0.050416,
0.050416,
0.050415,
0.050415,
0.050414,
0.050414,
0.050413,
0.050413,
0.050412,
0.050412,
0.050411,
0.050411,
0.050410,
0.050410,
0.050409,
0.050409,
0.050408,
0.050408,
0.050406,
0.050406,
0.050405,
0.050405,
0.050404,
0.050404,
0.050403,
0.050403,
0.050402,
0.050402,
0.050401,
0.050401,
0.050400,
0.050400,
0.050399,
0.050399,
0.050398,
0.050398,
0.050397,
0.050397,
0.050396,
0.050396,
0.050395,
0.050395,
0.050394,
0.050394,
0.050393,
0.050393,
0.050392,
0.050392,
0.050390,
0.050390,
0.050389,
0.050389,
0.050388,
0.050388,
0.050387,
0.050387,
0.050386,
0.050386,
0.050385,
0.050385,
0.050384,
0.050384,
0.050383,
0.050383,
0.050382,
0.050382,
0.050381,
0.050381,
0.050380,
0.050380,
0.050379,
0.050379,
0.050378,
0.050378,
0.050377,
0.050377,
0.050376,
0.050376,
0.050375,
0.050375,
0.050373,
0.050373,
0.050372,
0.050372,
0.050371,
0.050371,
0.050370,
0.050370,
0.050369,
0.050369,
0.050368,
0.050368,
0.050367,
0.050367,
0.050366,
0.050366,
0.050365,
0.050365,
0.050364,
0.050364,
0.050363,
0.050363,
0.050362,
0.050362,
0.050361,
0.050361,
0.050360,
0.050360,
0.050359,
0.050359,
0.050358,
0.050358,
0.050357,
0.050357,
0.050355,
0.050355,
0.050354,
0.050354,
0.050353,
0.050353,
0.050352,
0.050352,
0.050351,
0.050351,
0.050350,
0.050350,
0.050349,
0.050349,
0.050348,
0.050348,
0.050347,
0.050347,
0.050346,
0.050346,
0.050345,
0.050345,
0.050344,
0.050344,
0.050343,
0.050343,
0.050342,
0.050342,
0.050341,
0.050341,
0.050340,
0.050340,
0.050339,
0.050339,
0.050338,
0.050338,
0.050336,
0.050336,
0.050335,
0.050335,
0.050334,
0.050334,
0.050333,
0.050333,
0.050332,
0.050332,
0.050331,
0.050331,
0.050330,
0.050330,
0.050329,
0.050329,
0.050328,
0.050328,
0.050327,
0.050327,
0.050326,
0.050326,
0.050325,
0.050325,
0.050324,
0.050324,
0.050323,
0.050323,
0.050322,
0.050322,
0.050321,
0.050321,
0.050320,
0.050320,
0.050319,
0.050319,
0.050318,
0.050318,
0.050317,
0.050317,
0.050316,
0.050316,
0.050314,
0.050314,
0.050313,
0.050313,
0.050312,
0.050312,
0.050311,
0.050311,
0.050310,
0.050310,
0.050309,
0.050309,
0.050308,
0.050308,
0.050307,
0.050307,
0.050306,
0.050306,
0.050305,
0.050305,
0.050304,
0.050304,
0.050303,
0.050303,
0.050302,
0.050302,
0.050301,
0.050301,
0.050300,
0.050300,
0.050299,
0.050299,
0.050298,
0.050298,
0.050297,
0.050297,
0.050296,
0.050296,
0.050295,
0.050295,
0.050294,
0.050294,
0.050293,
0.050293,
0.050292,
0.050292,
0.050290,
0.050290,
0.050289,
0.050289,
0.050288,
0.050288,
0.050287,
0.050287,
0.050286,
0.050286,
0.050285,
0.050285,
0.050284,
0.050284,
0.050283,
0.050283,
0.050282,
0.050282,
0.050281,
0.050281,
0.050280,
0.050280,
0.050279,
0.050279,
0.050278,
0.050278,
0.050277,
0.050277,
0.050276,
0.050276,
0.050275,
0.050275,
0.050274,
0.050274,
0.050273,
0.050273,
0.050272,
0.050272,
0.050271,
0.050271,
0.050270,
0.050270,
0.050269,
0.050269,
0.050268,
0.050268,
0.050267,
0.050267,
0.050266,
0.050266,
0.050265,
0.050265,
0.050264,
0.050264,
0.050262,
0.050262,
0.050261,
0.050261,
0.050260,
0.050260,
0.050259,
0.050259,
0.050258,
0.050258,
0.050257,
0.050257,
0.050256,
0.050256,
0.050255,
0.050255,
0.050254,
0.050254,
0.050253,
0.050253,
0.050252,
0.050252,
0.050251,
0.050251,
0.050250,
0.050250,
0.050249,
0.050249,
0.050248,
0.050248,
0.050247,
0.050247,
0.050246,
0.050246,
0.050245,
0.050245,
0.050244,
0.050244,
0.050243,
0.050243,
0.050242,
0.050242,
0.050241,
0.050241,
0.050240,
0.050240,
0.050239,
0.050239,
0.050238,
0.050238,
0.050237,
0.050237,
0.050236,
0.050236,
0.050235,
0.050235,
0.050234,
0.050234,
0.050233,
0.050233,
0.050232,
0.050232,
0.050231,
0.050231,
0.050230,
0.050230,
0.050229,
0.050229,
0.050228,
0.050228,
0.050227,
0.050227,
0.050225,
0.050225,
0.050224,
0.050224,
0.050223,
0.050223,
0.050222,
0.050222,
0.050221,
0.050221,
0.050220,
0.050220,
0.050219,
0.050219,
0.050218,
0.050218,
0.050217,
0.050217,
0.050216,
0.050216,
0.050215,
0.050215,
0.050214,
0.050214,
0.050213,
0.050213,
0.050212,
0.050212,
0.050211,
0.050211,
0.050210,
0.050210,
0.050209,
0.050209,
0.050208,
0.050208,
0.050207,
0.050207,
0.050206,
0.050206,
0.050205,
0.050205,
0.050204,
0.050204,
0.050203,
0.050203,
0.050202,
0.050202,
0.050201,
0.050201,
0.050200,
0.050200,
0.050199,
0.050199,
0.050198,
0.050198,
0.050197,
0.050197,
0.050196,
0.050196,
0.050195,
0.050195,
0.050194,
0.050194,
0.050193,
0.050193,
0.050192,
0.050192,
0.050191,
0.050191,
0.050190,
0.050190,
0.050189,
0.050189,
0.050188,
0.050188,
0.050187,
0.050187,
0.050186,
0.050186,
0.050185,
0.050185,
0.050184,
0.050184,
0.050183,
0.050183,
0.050182,
0.050182,
0.050181,
0.050181,
0.050180,
0.050180,
0.050179,
0.050179,
0.050178,
0.050178,
0.050177,
0.050177,
0.050176,
0.050176,
0.050175,
0.050175,
0.050174,
0.050174,
0.050173,
0.050173,
0.050172,
0.050172,
0.050171,
0.050171,
0.050170,
0.050170,
0.050169,
0.050169,
0.050168,
0.050168,
0.050167,
0.050167,
0.050166,
0.050166,
0.050165,
0.050165,
0.050164,
0.050164,
0.050163,
0.050163,
0.050162,
0.050162,
0.050160,
0.050160,
0.050159,
0.050159,
0.050158,
0.050158,
0.050157,
0.050157,
0.050156,
0.050156,
0.050155,
0.050155,
0.050154,
0.050154,
0.050153,
0.050153,
0.050152,
0.050152,
0.050151,
0.050151,
0.050150,
0.050150,
0.050149,
0.050149,
0.050148,
0.050148,
0.050147,
0.050147,
0.050146,
0.050146,
0.050145,
0.050145,
0.050144,
0.050144,
0.050143,
0.050143,
0.050142,
0.050142,
0.050141,
0.050141,
0.050140,
0.050140,
0.050139,
0.050139,
0.050138,
0.050138,
0.050137,
0.050137,
0.050136,
0.050136,
0.050135,
0.050135,
0.050134,
0.050134,
0.050133,
0.050133,
0.050132,
0.050132,
0.050131,
0.050131,
0.050130,
vetor pesos sinapticos final:
0.707722 0.463940 0.853173 0.459484 
0.575729 1.149447 0.977231 1.399454 
1.259313 1.270361 1.054443 0.982358 
0.662249 0.818992 0.497266 1.303687 
1.001066 1.138704 0.797629 0.821525 
0.598832 0.666644 0.923671 1.292182 
0.704975 0.600571 0.944851 1.019530 
1.371133 1.395457 1.166720 0.575516 
0.915187 0.496381 0.557052 0.647326 
1.004484 1.214451 0.743764 1.168063 
0.889277 1.150942 1.366769 1.386423 
0.817894 1.076996 1.064331 1.032561 
1.164798 0.674365 0.875604 1.235692 
1.302772 1.043944 1.340340 1.349709 
0.750478 1.387888 1.077087 1.343667 
0.626878 0.771994 1.121248 0.912562 
0.942989 1.374490 0.804099 0.965359 
0.763388 1.126985 0.454144 0.646105 
0.767874 1.154818 0.701801 0.544478 
1.244634 0.922023 0.669055 1.251989 
1.046447 0.487928 0.825035 0.920283 
0.540999 0.781058 0.788871 0.977628 
1.086762 1.297095 0.861077 0.659716 
1.065002 1.126863 0.564712 0.511213 
1.000333 0.720479 0.977444 0.514387 
0.799949 1.294471 1.136019 1.000883 
0.643389 1.287085 1.294227 1.002744 
0.554061 0.769400 1.315620 1.199436 
1.183353 1.217320 0.982053 1.116792 
0.839287 0.551070 0.499982 0.733815 
1.290168 0.848992 0.984616 1.154482 
1.375192 0.640886 1.204441 0.499677 
0.952724 1.188022 1.366311 0.676532 
1.217900 0.655596 1.223149 1.180820 
0.920375 0.584122 1.284888 0.588517 
0.513990 0.565658 1.414378 0.893763 
0.769156 0.531691 0.589157 1.347909 
0.879419 0.558364 1.110658 0.957424 
0.593369 0.595597 1.041686 1.295997 
1.403391 1.026305 1.153903 0.787375 
1.321907 0.461865 1.166293 1.115113 
1.277258 0.680408 0.555618 0.915614 
0.659564 1.113588 0.720875 1.410563 
1.048492 0.788565 0.781973 1.135012 
0.653674 1.131532 0.794974 1.417582 
0.499555 0.538497 0.664050 0.768728 
0.885340 1.120149 0.532454 0.833489 
1.151797 0.526442 0.932918 1.064972 
1.285834 1.258123 0.479169 0.774710 
1.394297 1.370126 1.379831 0.716328 
0.578049 0.974332 0.555587 0.858666 
1.237920 0.447124 0.641375 0.504438 
1.343087 0.748495 0.654467 1.411021 
0.694111 0.758352 0.609696 1.069397 
0.711201 1.037108 0.863519 0.797507 
0.778830 0.916041 0.467480 0.804374 
0.678729 1.324074 1.313057 0.881128 
1.141512 1.257147 1.348336 0.875177 
1.049132 1.296485 0.648638 0.604020 
1.318825 1.081696 0.621721 1.364633 
0.999631 1.145571 1.128816 0.694691 
0.613664 1.016020 0.803275 0.542251 
1.272375 0.992276 1.347573 0.499799 
0.599259 0.500928 1.089936 1.258825 
0.991086 0.438243 0.582199 0.941463 
1.247655 1.405253 0.519972 0.465619 
1.102326 1.241430 0.765921 0.599015 
0.683979 0.763754 0.758352 0.859368 
0.441936 1.116884 1.085419 0.916285 
0.565170 0.640795 0.506727 0.651476 
1.426524 0.662646 1.203587 0.533400 
1.083985 1.118348 0.538680 0.462628 
1.369638 1.410563 1.107209 0.744069 
0.597764 1.409373 1.359841 1.342446 
1.423442 1.001768 0.579514 1.077301 
0.882532 1.096100 0.492963 0.913722 
1.144961 0.487867 1.298011 1.004759 
1.011717 0.493299 1.388346 0.642351 
0.687549 0.756460 0.556838 0.772574 
0.860192 1.136629 0.958615 1.231603 
0.617326 1.081970 0.614824 1.358499 
1.233098 1.395762 0.739248 1.141573 
1.354501 0.801414 0.667834 0.553756 
0.619768 1.212773 0.673450 1.233983 
1.239721 1.115297 0.446453 1.170352 
0.572678 0.965451 0.522475 0.541549 
1.225682 1.013243 0.438823 1.372873 
0.711354 0.455486 0.900721 1.162539 
1.193455 1.324867 0.738179 1.135561 
1.351144 1.021879 0.935817 1.280280 
0.893763 0.895502 0.515425 0.824516 
0.757284 0.779013 0.553970 1.307685 
0.513533 0.887049 1.117006 0.904444 
1.023741 0.980222 1.389933 1.156893 
0.867273 1.203739 0.787314 0.770956 
0.577133 0.505781 1.322243 0.633684 
1.213444 1.042785 1.016539 0.707386 
1.305671 0.476422 0.633379 0.957028 
0.695820 0.570358 0.513227 0.966977 
1.312873 0.991422 0.794883 1.403666 
1.410105 0.722310 0.802055 0.979825 
1.296760 0.992063 0.877618 1.077515 
1.095032 1.129884 0.446209 0.684925 
0.553542 1.249731 0.586716 0.804435 
0.448986 1.170535 0.895441 0.987302 
0.606675 0.479382 0.921992 1.151583 
1.071472 1.143679 0.958370 1.339821 
0.460583 0.577744 0.462872 0.571884 
1.029204 0.571548 0.900294 0.450390 
0.479840 0.986478 1.278784 0.673755 
1.047820 0.625017 1.165896 1.114076 
0.892725 1.180698 0.463940 0.615495 
1.328163 0.674152 0.726735 1.169833 
0.920436 1.282019 1.298041 0.624895 
0.987729 0.964260 1.054168 0.582840 
0.530837 0.797019 1.030882 0.643725 
1.126955 1.416484 0.716633 0.651354 
0.817405 0.480390 1.292853 1.097260 
0.520827 0.553603 0.602708 1.338845 
1.003141 1.323341 1.129976 0.788779 
0.935146 0.551009 0.768454 0.730855 
1.069458 0.666736 0.664080 0.919276 
1.067871 1.412303 0.910243 0.617296 
1.010130 0.439495 1.378000 1.231725 
1.115754 1.269964 0.462292 1.199223 
0.710072 0.521864 1.025572 1.280860 
0.965512 0.811424 1.319526 0.921046 
0.449474 1.233586 1.167025 0.827446 
1.010404 0.829674 1.184909 1.427470 
1.032500 0.947292 1.328957 1.358132 
0.591477 0.899103 0.542464 0.645495 
0.541243 0.826775 0.789603 0.729665 
1.064148 1.176212 1.254705 0.991636 
0.714741 0.690235 0.988858 0.938625 
0.489484 1.325447 0.785208 0.703663 
0.952724 0.998594 0.563614 1.015928 
0.950649 0.569931 1.046660 1.297950 
0.944576 0.968655 1.007749 1.046233 
0.494306 0.867364 0.872980 1.151156 
0.923366 0.811607 0.957394 1.312599 
0.697010 1.210697 1.117494 1.207585 
0.544539 1.096131 1.101014 0.565994 
0.856683 1.053924 1.375162 0.811027 
1.390024 1.236760 0.714589 1.419902 
0.808921 0.862817 1.330513 0.661883 
1.096955 1.107026 0.821831 0.869531 
1.368448 0.790946 0.730153 0.899073 
1.111726 0.778006 0.979276 0.936824 
1.395487 0.480084 0.980618 1.307258 
1.068847 1.381387 0.686389 0.439556 
0.487287 0.986356 1.370737 0.648608 
0.794822 1.097718 1.420909 0.886255 
1.294410 0.830711 0.919490 1.120149 
0.937099 1.269903 1.298743 0.495313 
0.462109 1.174960 0.848626 0.935482 
1.217961 0.641283 1.359384 1.339882 
1.196873 1.122346 0.680286 1.032103 
1.313331 0.719044 0.475781 0.617204 
0.457684 1.143526 0.959744 0.903193 
1.356912 1.262426 0.889856 1.043212 
0.772574 0.627123 0.602921 0.554763 
1.068847 0.895991 1.372354 1.372049 
0.679889 0.555740 0.869195 0.587723 
0.509809 0.847985 1.008085 1.040587 
0.794791 1.306648 0.958920 1.404856 
0.459790 0.813530 0.606126 0.937984 
0.500562 0.577377 1.236180 0.542739 
1.422130 0.943020 0.735005 1.300178 
1.265204 1.436901 1.076416 1.129121 
1.252142 0.955258 1.382761 0.729451 
0.582596 0.501020 1.339058 0.464459 
1.411418 1.375864 1.242101 1.338997 
0.539077 1.233403 0.465191 0.729421 
0.846459 0.900416 0.620622 1.022276 
1.004850 1.371255 1.200291 0.816612 
0.492658 0.882898 0.976102 0.847802 
0.450207 0.476086 0.941707 1.287757 
1.403269 0.948940 1.076233 0.578537 
1.387247 0.609574 0.711506 0.455578 
0.503065 0.733907 0.784232 1.316353 
1.435894 1.134340 0.754018 0.591050 
0.967679 0.746480 0.468762 1.271704 
1.015654 0.639574 0.758535 1.255285 
1.227086 1.356759 1.039153 0.658068 
0.661883 0.992002 0.706898 0.756490 
0.594712 0.909480 0.605424 0.711506 
0.967099 0.511610 1.346261 0.732228 
0.521376 0.962490 0.763754 0.835259 
1.147524 1.272406 1.286658 0.856225 
0.474072 0.649920 0.506239 0.869134 
1.234471 0.528120 0.723683 0.670489 
0.439953 1.170474 0.756429 0.484082 
0.890650 1.263250 0.786246 0.542464 
1.055267 1.400645 0.529158 0.701893 
0.851739 0.868463 0.509077 0.746786 
1.359139 0.633104 0.715962 0.539504 
0.992612 0.941738 1.430431 0.672565 
1.172549 0.440014 0.495038 0.778647 
1.018889 1.213902 0.814720 1.155306 
1.102326 0.661151 1.366525 0.860314 
0.783255 0.599534 0.500349 0.933956 
@@@@@@@@@@@@@@@@

qtd epocas = 2622


vetor com as saidas desejadas:
0.061100 0.286000 0.746400 0.483100 
0.510200 0.746400 0.086000 0.596500 
0.000400 0.691600 0.500600 0.531800 
0.943000 0.447600 0.264800 0.684300 
0.139900 0.161000 0.247700 0.287200 
0.642300 0.322900 0.856700 0.766300 
0.649200 0.000700 0.642200 0.566600 
0.181800 0.507800 0.904600 0.660100 
0.738200 0.264700 0.191600 0.542700 
0.387900 0.130700 0.865600 0.583600 
0.190300 0.652300 0.782000 0.695000 
0.840100 0.449000 0.271900 0.679000 
0.002900 0.326400 0.247600 0.295600 
0.708800 0.934200 0.276300 0.774200 
0.128300 0.188200 0.725300 0.466200 
0.888200 0.307700 0.893100 0.809300 
0.222500 0.918200 0.782000 0.758100 
0.195700 0.842300 0.308500 0.582600 
0.999100 0.591400 0.393300 0.793800 
y = 0.504703
y = 0.509414
y = 0.514130
y = 0.518851
y = 0.523577
y = 0.528306
y = 0.533038
y = 0.537771
y = 0.542506
y = 0.547240
y = 0.551973
y = 0.556705
y = 0.561434
y = 0.566159
y = 0.570880
y = 0.575595
y = 0.580304
y = 0.585006
y = 0.589700
y = 0.594386
