vetor pesos sinapticos original:
0.279611 0.548235 0.481491 0.114292 
0.468459 0.497421 0.088717 0.922361 
0.172643 0.947111 0.211127 0.666280 
0.031404 0.827784 0.012757 0.487075 
0.221778 0.307993 0.388775 0.996887 
0.515366 0.749260 0.726066 0.121250 
0.376171 0.537370 0.033418 0.834284 
0.380535 0.947630 0.971984 0.192206 
0.740837 0.698935 0.817103 0.572649 
0.213691 0.353923 0.883328 0.524461 
0.174383 0.220893 0.443556 0.135716 
0.138401 0.913968 0.673452 0.325358 
0.511582 0.227760 0.652486 0.964812 
0.850093 0.482803 0.952940 0.236061 
0.411115 0.997620 0.848079 0.132267 
0.276223 0.844386 0.670705 0.507218 
0.828059 0.543840 0.353221 0.579760 
0.861599 0.855983 0.680746 0.299692 
0.111728 0.322489 0.288247 0.481338 
0.478164 0.717795 0.933256 0.110508 
0.728324 0.064058 0.074862 0.732078 
0.960631 0.367382 0.291147 0.323435 
0.608386 0.730644 0.565111 0.560991 
0.266182 0.999420 0.971587 0.884945 
0.119663 0.597888 0.795251 0.269570 
0.260018 0.709861 0.612079 0.104801 
0.664693 0.462142 0.364544 0.094974 
0.125187 0.265816 0.962249 0.582080 
0.903470 0.972381 0.439405 0.198309 
0.397992 0.999969 0.199957 0.255715 
0.601062 0.087222 0.382061 0.777856 
0.627979 0.829951 0.872860 0.580523 
0.100253 0.657155 0.004669 0.307474 
0.663167 0.403119 0.464705 0.827662 
0.419416 0.131230 0.448103 0.899777 
0.560198 0.365978 0.586932 0.510758 
0.974792 0.389447 0.685751 0.794488 
0.119510 0.758660 0.794824 0.936491 
0.928434 0.699545 0.652699 0.971648 
0.045442 0.534471 0.029084 0.880337 
0.160741 0.799066 0.999451 0.889950 
0.731437 0.204566 0.682241 0.387494 
0.868313 0.102542 0.470779 0.349986 
0.670156 0.607318 0.289956 0.698599 
0.786218 0.033326 0.909909 0.482681 
0.488693 0.802881 0.847499 0.300485 
0.036012 0.480819 0.887020 0.862239 
0.608692 0.092715 0.751122 0.101962 
0.598254 0.382275 0.953520 0.744743 
0.531449 0.164281 0.364513 0.734703 
0.410077 0.429975 0.520768 0.431288 
0.748253 0.360240 0.210211 0.978851 
0.088046 0.903348 0.363994 0.756371 
0.275277 0.073336 0.785913 0.313822 
0.275704 0.625721 0.751244 0.700919 
0.814020 0.265725 0.005921 0.594409 
0.616108 0.046632 0.197241 0.130924 
0.536149 0.113498 0.267647 0.851039 
0.349681 0.448775 0.842402 0.660512 
0.493942 0.776360 0.142888 0.215949 
0.536821 0.279885 0.456526 0.640156 
0.655354 0.291971 0.694327 0.973876 
0.905484 0.610034 0.067934 0.270150 
0.564013 0.595660 0.416822 0.737693 
0.323893 0.713370 0.217231 0.838832 
0.624622 0.664815 0.804010 0.749382 
0.898251 0.775384 0.836329 0.085696 
0.012970 0.788507 0.539415 0.305704 
0.695181 0.724845 0.752190 0.689993 
0.211127 0.961943 0.313211 0.309061 
0.089694 0.190802 0.815851 0.883663 
0.167547 0.406018 0.263375 0.943205 
0.737602 0.584765 0.656301 0.189886 
0.082308 0.212012 0.042116 0.473922 
0.173223 0.307474 0.059420 0.286233 
0.817316 0.110782 0.507431 0.175115 
0.032167 0.081118 0.971923 0.993011 
0.931181 0.367626 0.039308 0.379345 
0.898892 0.406446 0.129948 0.386395 
0.339702 0.801599 0.481338 0.653584 
0.779229 0.144536 0.313486 0.036958 
0.600909 0.930143 0.706931 0.100131 
0.198309 0.224006 0.224860 0.372723 
0.825129 0.238594 0.810846 0.782464 
0.923093 0.473098 0.992889 0.167608 
0.210211 0.574755 0.925596 0.275704 
0.309854 0.576495 0.301523 0.154576 
0.201788 0.668294 0.662770 0.342692 
0.277200 0.157537 0.144108 0.764061 
0.278207 0.775475 0.179479 0.734733 
0.903470 0.985260 0.202002 0.987030 
0.360881 0.448531 0.869869 0.117161 
0.649312 0.306223 0.848567 0.363506 
0.849361 0.430219 0.681295 0.120457 
0.205664 0.301767 0.778130 0.095706 
0.281442 0.673421 0.055940 0.515702 
0.966185 0.669973 0.259774 0.286447 
0.618458 0.485611 0.497177 0.515580 
0.124790 0.332591 0.016449 0.302164 
0.155339 0.798456 0.760857 0.200049 
0.398663 0.267281 0.728660 0.261544 
0.055788 0.562212 0.671865 0.067202 
0.375652 0.464370 0.163427 0.648518 
0.512467 0.265419 0.565416 0.708975 
0.486923 0.009156 0.928312 0.050661 
0.532029 0.579333 0.353557 0.611927 
0.604785 0.288797 0.850185 0.022553 
0.345439 0.127445 0.216498 0.083102 
0.265114 0.324259 0.979125 0.073885 
0.443129 0.380139 0.919065 0.300760 
0.515336 0.227607 0.217505 0.782922 
0.234931 0.674032 0.752007 0.490097 
0.386639 0.783807 0.573748 0.034516 
0.335520 0.356639 0.098544 0.224189 
0.992096 0.157750 0.041200 0.383770 
0.474410 0.055910 0.625752 0.849574 
0.248939 0.726493 0.102115 0.544023 
0.031037 0.074679 0.100833 0.037141 
0.226508 0.036103 0.856624 0.000153 
0.195227 0.910276 0.832698 0.457991 
0.118656 0.883755 0.776452 0.747063 
0.751915 0.898923 0.738212 0.584033 
0.841670 0.524705 0.083956 0.152654 
0.491653 0.985473 0.033723 0.613910 
0.256600 0.004425 0.756157 0.946532 
0.245643 0.617786 0.551439 0.523698 
0.017243 0.615650 0.153233 0.332713 
0.545885 0.766350 0.680807 0.242744 
0.042634 0.480148 0.272927 0.228492 
0.910306 0.068636 0.934904 0.954466 
0.614673 0.256081 0.629139 0.627338 
0.752953 0.098941 0.141850 0.521928 
0.100833 0.969909 0.755852 0.087283 
0.919218 0.762627 0.261361 0.039003 
0.301889 0.973327 0.336161 0.344310 
0.845820 0.815760 0.825892 0.505783 
0.424421 0.025391 0.956114 0.050386 
0.346110 0.509659 0.007202 0.629597 
0.678549 0.499649 0.483566 0.637104 
0.020234 0.360454 0.307810 0.750633 
0.500656 0.715903 0.072176 0.303537 
0.290201 0.043550 0.877316 0.892880 
0.400952 0.397443 0.790368 0.129887 
0.059999 0.413221 0.453719 0.939726 
0.436110 0.253151 0.874966 0.315592 
0.000977 0.646992 0.930021 0.934935 
0.306986 0.684286 0.610370 0.542558 
0.461745 0.515397 0.545518 0.508225 
0.081301 0.616657 0.832392 0.463637 
0.003418 0.776360 0.702261 0.426313 
0.541246 0.457656 0.057100 0.315714 
0.559893 0.694754 0.406323 0.268380 
0.156072 0.178289 0.234840 0.658040 
0.222816 0.686941 0.334422 0.227088 
0.679922 0.520219 0.128941 0.235603 
0.651906 0.090304 0.525132 0.034242 
0.374279 0.327708 0.319864 0.967284 
0.109897 0.057833 0.695456 0.011689 
0.855861 0.004700 0.833949 0.059206 
0.122990 0.577563 0.182012 0.246925 
0.568987 0.096988 0.397320 0.243080 
0.765770 0.617054 0.507767 0.894070 
0.883511 0.998962 0.314951 0.139256 
0.571429 0.393139 0.573077 0.599475 
0.817347 0.785852 0.974364 0.745354 
0.066897 0.766289 0.472335 0.052553 
0.384045 0.170751 0.974609 0.049135 
0.933226 0.760155 0.935362 0.661794 
0.565661 0.586596 0.880276 0.767235 
0.790246 0.206122 0.393658 0.355052 
0.910215 0.393139 0.600269 0.207953 
0.607288 0.512925 0.672018 0.505814 
0.754418 0.209082 0.391736 0.259987 
0.737999 0.561052 0.304697 0.983764 
0.071383 0.369091 0.489090 0.505478 
0.580554 0.722251 0.477096 0.330485 
0.943236 0.505753 0.357677 0.458235 
0.862880 0.004212 0.591968 0.060457 
0.658681 0.256722 0.572985 0.927244 
0.552721 0.320078 0.460829 0.086612 
0.435804 0.096652 0.324259 0.504654 
0.392926 0.882809 0.120457 0.271310 
0.769738 0.294259 0.543657 0.179388 
0.061403 0.724845 0.274300 0.101993 
0.405072 0.994415 0.659932 0.075167 
0.956603 0.342662 0.358776 0.491989 
0.933866 0.424970 0.977569 0.313913 
0.607196 0.466201 0.234718 0.706351 
0.018006 0.229102 0.680380 0.003937 
0.707694 0.953520 0.503891 0.412549 
0.237068 0.922178 0.460829 0.353404 
0.778405 0.810205 0.450270 0.856380 
0.560808 0.473617 0.773583 0.908353 
0.450484 0.333934 0.606433 0.162572 
0.446944 0.014283 0.714560 0.916166 
0.376354 0.384136 0.945128 0.760765 
0.563738 0.668233 0.524766 0.813837 
0.764611 0.776330 0.695456 0.936064 
0.137730 0.509842 0.719382 0.841212 
0.540300 0.801752 0.784509 0.505051 
0.926298 0.645863 0.841456 0.779229 
0.053821,
0.053819,
0.053819,
0.053817,
0.053817,
0.053815,
0.053815,
0.053813,
0.053813,
0.053811,
0.053811,
0.053809,
0.053809,
0.053807,
0.053807,
0.053805,
0.053805,
0.053803,
0.053803,
0.053801,
0.053801,
0.053799,
0.053799,
0.053797,
0.053797,
0.053795,
0.053795,
0.053793,
0.053793,
0.053791,
0.053791,
0.053789,
0.053789,
0.053787,
0.053787,
0.053785,
0.053785,
0.053783,
0.053783,
0.053781,
0.053781,
0.053779,
0.053779,
0.053777,
0.053777,
0.053775,
0.053775,
0.053773,
0.053773,
0.053771,
0.053771,
0.053769,
0.053769,
0.053767,
0.053767,
0.053765,
0.053765,
0.053763,
0.053763,
0.053762,
0.053762,
0.053760,
0.053760,
0.053758,
0.053758,
0.053756,
0.053756,
0.053754,
0.053754,
0.053752,
0.053752,
0.053750,
0.053750,
0.053748,
0.053748,
0.053746,
0.053746,
0.053744,
0.053744,
0.053742,
0.053742,
0.053740,
0.053740,
0.053738,
0.053738,
0.053736,
0.053736,
0.053734,
0.053734,
0.053732,
0.053732,
0.053730,
0.053730,
0.053728,
0.053728,
0.053726,
0.053726,
0.053724,
0.053724,
0.053722,
0.053722,
0.053720,
0.053720,
0.053718,
0.053718,
0.053716,
0.053716,
0.053715,
0.053715,
0.053713,
0.053713,
0.053711,
0.053711,
0.053709,
0.053709,
0.053707,
0.053707,
0.053705,
0.053705,
0.053703,
0.053703,
0.053701,
0.053701,
0.053699,
0.053699,
0.053697,
0.053697,
0.053695,
0.053695,
0.053693,
0.053693,
0.053691,
0.053691,
0.053689,
0.053689,
0.053687,
0.053687,
0.053685,
0.053685,
0.053683,
0.053683,
0.053681,
0.053681,
0.053679,
0.053679,
0.053678,
0.053678,
0.053676,
0.053676,
0.053674,
0.053674,
0.053672,
0.053672,
0.053670,
0.053670,
0.053668,
0.053668,
0.053666,
0.053666,
0.053664,
0.053664,
0.053662,
0.053662,
0.053660,
0.053660,
0.053658,
0.053658,
0.053656,
0.053656,
0.053654,
0.053654,
0.053652,
0.053652,
0.053650,
0.053650,
0.053648,
0.053648,
0.053647,
0.053647,
0.053645,
0.053645,
0.053643,
0.053643,
0.053641,
0.053641,
0.053639,
0.053639,
0.053637,
0.053637,
0.053635,
0.053635,
0.053633,
0.053633,
0.053631,
0.053631,
0.053629,
0.053629,
0.053627,
0.053627,
0.053625,
0.053625,
0.053623,
0.053623,
0.053621,
0.053621,
0.053620,
0.053620,
0.053618,
0.053618,
0.053616,
0.053616,
0.053614,
0.053614,
0.053612,
0.053612,
0.053610,
0.053610,
0.053608,
0.053608,
0.053606,
0.053606,
0.053604,
0.053604,
0.053602,
0.053602,
0.053600,
0.053600,
0.053598,
0.053598,
0.053596,
0.053596,
0.053595,
0.053595,
0.053593,
0.053593,
0.053591,
0.053591,
0.053589,
0.053589,
0.053587,
0.053587,
0.053585,
0.053585,
0.053583,
0.053583,
0.053581,
0.053581,
0.053579,
0.053579,
0.053577,
0.053577,
0.053575,
0.053575,
0.053573,
0.053573,
0.053572,
0.053572,
0.053570,
0.053570,
0.053568,
0.053568,
0.053566,
0.053566,
0.053564,
0.053564,
0.053562,
0.053562,
0.053560,
0.053560,
0.053558,
0.053558,
0.053556,
0.053556,
0.053554,
0.053554,
0.053552,
0.053552,
0.053551,
0.053551,
0.053549,
0.053549,
0.053547,
0.053547,
0.053545,
0.053545,
0.053543,
0.053543,
0.053541,
0.053541,
0.053539,
0.053539,
0.053537,
0.053537,
0.053535,
0.053535,
0.053533,
0.053533,
0.053532,
0.053532,
0.053530,
0.053530,
0.053528,
0.053528,
0.053526,
0.053526,
0.053524,
0.053524,
0.053522,
0.053522,
0.053520,
0.053520,
0.053518,
0.053518,
0.053516,
0.053516,
0.053514,
0.053514,
0.053513,
0.053513,
0.053511,
0.053511,
0.053509,
0.053509,
0.053507,
0.053507,
0.053505,
0.053505,
0.053503,
0.053503,
0.053501,
0.053501,
0.053499,
0.053499,
0.053497,
0.053497,
0.053496,
0.053496,
0.053494,
0.053494,
0.053492,
0.053492,
0.053490,
0.053490,
0.053488,
0.053488,
0.053486,
0.053486,
0.053484,
0.053484,
0.053482,
0.053482,
0.053480,
0.053480,
0.053479,
0.053479,
0.053477,
0.053477,
0.053475,
0.053475,
0.053473,
0.053473,
0.053471,
0.053471,
0.053469,
0.053469,
0.053467,
0.053467,
0.053465,
0.053465,
0.053463,
0.053463,
0.053462,
0.053462,
0.053460,
0.053460,
0.053458,
0.053458,
0.053456,
0.053456,
0.053454,
0.053454,
0.053452,
0.053452,
0.053450,
0.053450,
0.053448,
0.053448,
0.053447,
0.053447,
0.053445,
0.053445,
0.053443,
0.053443,
0.053441,
0.053441,
0.053439,
0.053439,
0.053437,
0.053437,
0.053435,
0.053435,
0.053433,
0.053433,
0.053432,
0.053432,
0.053430,
0.053430,
0.053428,
0.053428,
0.053426,
0.053426,
0.053424,
0.053424,
0.053422,
0.053422,
0.053420,
0.053420,
0.053418,
0.053418,
0.053417,
0.053417,
0.053415,
0.053415,
0.053413,
0.053413,
0.053411,
0.053411,
0.053409,
0.053409,
0.053407,
0.053407,
0.053405,
0.053405,
0.053403,
0.053403,
0.053402,
0.053402,
0.053400,
0.053400,
0.053398,
0.053398,
0.053396,
0.053396,
0.053394,
0.053394,
0.053392,
0.053392,
0.053390,
0.053390,
0.053389,
0.053389,
0.053387,
0.053387,
0.053385,
0.053385,
0.053383,
0.053383,
0.053381,
0.053381,
0.053379,
0.053379,
0.053377,
0.053377,
0.053376,
0.053376,
0.053374,
0.053374,
0.053372,
0.053372,
0.053370,
0.053370,
0.053368,
0.053368,
0.053366,
0.053366,
0.053364,
0.053364,
0.053363,
0.053363,
0.053361,
0.053361,
0.053359,
0.053359,
0.053357,
0.053357,
0.053355,
0.053355,
0.053353,
0.053353,
0.053351,
0.053351,
0.053350,
0.053350,
0.053348,
0.053348,
0.053346,
0.053346,
0.053344,
0.053344,
0.053342,
0.053342,
0.053340,
0.053340,
0.053339,
0.053339,
0.053337,
0.053337,
0.053335,
0.053335,
0.053333,
0.053333,
0.053331,
0.053331,
0.053329,
0.053329,
0.053327,
0.053327,
0.053326,
0.053326,
0.053324,
0.053324,
0.053322,
0.053322,
0.053320,
0.053320,
0.053318,
0.053318,
0.053316,
0.053316,
0.053315,
0.053315,
0.053313,
0.053313,
0.053311,
0.053311,
0.053309,
0.053309,
0.053307,
0.053307,
0.053305,
0.053305,
0.053304,
0.053304,
0.053302,
0.053302,
0.053300,
0.053300,
0.053298,
0.053298,
0.053296,
0.053296,
0.053294,
0.053294,
0.053293,
0.053293,
0.053291,
0.053291,
0.053289,
0.053289,
0.053287,
0.053287,
0.053285,
0.053285,
0.053283,
0.053283,
0.053282,
0.053282,
0.053280,
0.053280,
0.053278,
0.053278,
0.053276,
0.053276,
0.053274,
0.053274,
0.053272,
0.053272,
0.053271,
0.053271,
0.053269,
0.053269,
0.053267,
0.053267,
0.053265,
0.053265,
0.053263,
0.053263,
0.053261,
0.053261,
0.053260,
0.053260,
0.053258,
0.053258,
0.053256,
0.053256,
0.053254,
0.053254,
0.053252,
0.053252,
0.053250,
0.053250,
0.053249,
0.053249,
0.053247,
0.053247,
0.053245,
0.053245,
0.053243,
0.053243,
0.053241,
0.053241,
0.053240,
0.053240,
0.053238,
0.053238,
0.053236,
0.053236,
0.053234,
0.053234,
0.053232,
0.053232,
0.053230,
0.053230,
0.053229,
0.053229,
0.053227,
0.053227,
0.053225,
0.053225,
0.053223,
0.053223,
0.053221,
0.053221,
0.053220,
0.053220,
0.053218,
0.053218,
0.053216,
0.053216,
0.053214,
0.053214,
0.053212,
0.053212,
0.053210,
0.053210,
0.053209,
0.053209,
0.053207,
0.053207,
0.053205,
0.053205,
0.053203,
0.053203,
0.053201,
0.053201,
0.053200,
0.053200,
0.053198,
0.053198,
0.053196,
0.053196,
0.053194,
0.053194,
0.053192,
0.053192,
0.053191,
0.053191,
0.053189,
0.053189,
0.053187,
0.053187,
0.053185,
0.053185,
0.053183,
0.053183,
0.053182,
0.053182,
0.053180,
0.053180,
0.053178,
0.053178,
0.053176,
0.053176,
0.053174,
0.053174,
0.053173,
0.053173,
0.053171,
0.053171,
0.053169,
0.053169,
0.053167,
0.053167,
0.053165,
0.053165,
0.053164,
0.053164,
0.053162,
0.053162,
0.053160,
0.053160,
0.053158,
0.053158,
0.053156,
0.053156,
0.053155,
0.053155,
0.053153,
0.053153,
0.053151,
0.053151,
0.053149,
0.053149,
0.053147,
0.053147,
0.053146,
0.053146,
0.053144,
0.053144,
0.053142,
0.053142,
0.053140,
0.053140,
0.053138,
0.053138,
0.053137,
0.053137,
0.053135,
0.053135,
0.053133,
0.053133,
0.053131,
0.053131,
0.053129,
0.053129,
0.053128,
0.053128,
0.053126,
0.053126,
0.053124,
0.053124,
0.053122,
0.053122,
0.053121,
0.053121,
0.053119,
0.053119,
0.053117,
0.053117,
0.053115,
0.053115,
0.053113,
0.053113,
0.053112,
0.053112,
0.053110,
0.053110,
0.053108,
0.053108,
0.053106,
0.053106,
0.053104,
0.053104,
0.053103,
0.053103,
0.053101,
0.053101,
0.053099,
0.053099,
0.053097,
0.053097,
0.053096,
0.053096,
0.053094,
0.053094,
0.053092,
0.053092,
0.053090,
0.053090,
0.053088,
0.053088,
0.053087,
0.053087,
0.053085,
0.053085,
0.053083,
0.053083,
0.053081,
0.053081,
0.053080,
0.053080,
0.053078,
0.053078,
0.053076,
0.053076,
0.053074,
0.053074,
0.053072,
0.053072,
0.053071,
0.053071,
0.053069,
0.053069,
0.053067,
0.053067,
0.053065,
0.053065,
0.053064,
0.053064,
0.053062,
0.053062,
0.053060,
0.053060,
0.053058,
0.053058,
0.053057,
0.053057,
0.053055,
0.053055,
0.053053,
0.053053,
0.053051,
0.053051,
0.053049,
0.053049,
0.053048,
0.053048,
0.053046,
0.053046,
0.053044,
0.053044,
0.053042,
0.053042,
0.053041,
0.053041,
0.053039,
0.053039,
0.053037,
0.053037,
0.053035,
0.053035,
0.053034,
0.053034,
0.053032,
0.053032,
0.053030,
0.053030,
0.053028,
0.053028,
0.053027,
0.053027,
0.053025,
0.053025,
0.053023,
0.053023,
0.053021,
0.053021,
0.053020,
0.053020,
0.053018,
0.053018,
0.053016,
0.053016,
0.053014,
0.053014,
0.053012,
0.053012,
0.053011,
0.053011,
0.053009,
0.053009,
0.053007,
0.053007,
0.053005,
0.053005,
0.053004,
0.053004,
0.053002,
0.053002,
0.053000,
0.053000,
0.052998,
0.052998,
0.052997,
0.052997,
0.052995,
0.052995,
0.052993,
0.052993,
0.052991,
0.052991,
0.052990,
0.052990,
0.052988,
0.052988,
0.052986,
0.052986,
0.052984,
0.052984,
0.052983,
0.052983,
0.052981,
0.052981,
0.052979,
0.052979,
0.052977,
0.052977,
0.052976,
0.052976,
0.052974,
0.052974,
0.052972,
0.052972,
0.052970,
0.052970,
0.052969,
0.052969,
0.052967,
0.052967,
0.052965,
0.052965,
0.052963,
0.052963,
0.052962,
0.052962,
0.052960,
0.052960,
0.052958,
0.052958,
0.052957,
0.052957,
0.052955,
0.052955,
0.052953,
0.052953,
0.052951,
0.052951,
0.052950,
0.052950,
0.052948,
0.052948,
0.052946,
0.052946,
0.052944,
0.052944,
0.052943,
0.052943,
0.052941,
0.052941,
0.052939,
0.052939,
0.052937,
0.052937,
0.052936,
0.052936,
0.052934,
0.052934,
0.052932,
0.052932,
0.052930,
0.052930,
0.052929,
0.052929,
0.052927,
0.052927,
0.052925,
0.052925,
0.052924,
0.052924,
0.052922,
0.052922,
0.052920,
0.052920,
0.052918,
0.052918,
0.052917,
0.052917,
0.052915,
0.052915,
0.052913,
0.052913,
0.052911,
0.052911,
0.052910,
0.052910,
0.052908,
0.052908,
0.052906,
0.052906,
0.052904,
0.052904,
0.052903,
0.052903,
0.052901,
0.052901,
0.052899,
0.052899,
0.052898,
0.052898,
0.052896,
0.052896,
0.052894,
0.052894,
0.052892,
0.052892,
0.052891,
0.052891,
0.052889,
0.052889,
0.052887,
0.052887,
0.052886,
0.052886,
0.052884,
0.052884,
0.052882,
0.052882,
0.052880,
0.052880,
0.052879,
0.052879,
0.052877,
0.052877,
0.052875,
0.052875,
0.052873,
0.052873,
0.052872,
0.052872,
0.052870,
0.052870,
0.052868,
0.052868,
0.052867,
0.052867,
0.052865,
0.052865,
0.052863,
0.052863,
0.052861,
0.052861,
0.052860,
0.052860,
0.052858,
0.052858,
0.052856,
0.052856,
0.052855,
0.052855,
0.052853,
0.052853,
0.052851,
0.052851,
0.052849,
0.052849,
0.052848,
0.052848,
0.052846,
0.052846,
0.052844,
0.052844,
0.052843,
0.052843,
0.052841,
0.052841,
0.052839,
0.052839,
0.052838,
0.052838,
0.052836,
0.052836,
0.052834,
0.052834,
0.052832,
0.052832,
0.052831,
0.052831,
0.052829,
0.052829,
0.052827,
0.052827,
0.052826,
0.052826,
0.052824,
0.052824,
0.052822,
0.052822,
0.052820,
0.052820,
0.052819,
0.052819,
0.052817,
0.052817,
0.052815,
0.052815,
0.052814,
0.052814,
0.052812,
0.052812,
0.052810,
0.052810,
0.052809,
0.052809,
0.052807,
0.052807,
0.052805,
0.052805,
0.052803,
0.052803,
0.052802,
0.052802,
0.052800,
0.052800,
0.052798,
0.052798,
0.052797,
0.052797,
0.052795,
0.052795,
0.052793,
0.052793,
0.052792,
0.052792,
0.052790,
0.052790,
0.052788,
0.052788,
0.052786,
0.052786,
0.052785,
0.052785,
0.052783,
0.052783,
0.052781,
0.052781,
0.052780,
0.052780,
0.052778,
0.052778,
0.052776,
0.052776,
0.052775,
0.052775,
0.052773,
0.052773,
0.052771,
0.052771,
0.052770,
0.052770,
0.052768,
0.052768,
0.052766,
0.052766,
0.052764,
0.052764,
0.052763,
0.052763,
0.052761,
0.052761,
0.052759,
0.052759,
0.052758,
0.052758,
0.052756,
0.052756,
0.052754,
0.052754,
0.052753,
0.052753,
0.052751,
0.052751,
0.052749,
0.052749,
0.052748,
0.052748,
0.052746,
0.052746,
0.052744,
0.052744,
0.052743,
0.052743,
0.052741,
0.052741,
0.052739,
0.052739,
0.052737,
0.052737,
0.052736,
0.052736,
0.052734,
0.052734,
0.052732,
0.052732,
0.052731,
0.052731,
0.052729,
0.052729,
0.052727,
0.052727,
0.052726,
0.052726,
0.052724,
0.052724,
0.052722,
0.052722,
0.052721,
0.052721,
0.052719,
0.052719,
0.052717,
0.052717,
0.052716,
0.052716,
0.052714,
0.052714,
0.052712,
0.052712,
0.052711,
0.052711,
0.052709,
0.052709,
0.052707,
0.052707,
0.052706,
0.052706,
0.052704,
0.052704,
0.052702,
0.052702,
0.052701,
0.052701,
0.052699,
0.052699,
0.052697,
0.052697,
0.052696,
0.052696,
0.052694,
0.052694,
0.052692,
0.052692,
0.052691,
0.052691,
0.052689,
0.052689,
0.052687,
0.052687,
0.052686,
0.052686,
0.052684,
0.052684,
0.052682,
0.052682,
0.052681,
0.052681,
0.052679,
0.052679,
0.052677,
0.052677,
0.052676,
0.052676,
0.052674,
0.052674,
0.052672,
0.052672,
0.052671,
0.052671,
0.052669,
0.052669,
0.052667,
0.052667,
0.052666,
0.052666,
0.052664,
0.052664,
0.052662,
0.052662,
0.052661,
0.052661,
0.052659,
0.052659,
0.052657,
0.052657,
0.052656,
0.052656,
0.052654,
0.052654,
0.052652,
0.052652,
0.052651,
0.052651,
0.052649,
0.052649,
0.052647,
0.052647,
0.052646,
0.052646,
0.052644,
0.052644,
0.052642,
0.052642,
0.052641,
0.052641,
0.052639,
0.052639,
0.052637,
0.052637,
0.052636,
0.052636,
0.052634,
0.052634,
0.052632,
0.052632,
0.052631,
0.052631,
0.052629,
0.052629,
0.052628,
0.052628,
0.052626,
0.052626,
0.052624,
0.052624,
0.052623,
0.052623,
0.052621,
0.052621,
0.052619,
0.052619,
0.052618,
0.052618,
0.052616,
0.052616,
0.052614,
0.052614,
0.052613,
0.052613,
0.052611,
0.052611,
0.052609,
0.052609,
0.052608,
0.052608,
0.052606,
0.052606,
0.052604,
0.052604,
0.052603,
0.052603,
0.052601,
0.052601,
0.052600,
0.052600,
0.052598,
0.052598,
0.052596,
0.052596,
0.052595,
0.052595,
0.052593,
0.052593,
0.052591,
0.052591,
0.052590,
0.052590,
0.052588,
0.052588,
0.052586,
0.052586,
0.052585,
0.052585,
0.052583,
0.052583,
0.052581,
0.052581,
0.052580,
0.052580,
0.052578,
0.052578,
0.052577,
0.052577,
0.052575,
0.052575,
0.052573,
0.052573,
0.052572,
0.052572,
0.052570,
0.052570,
0.052568,
0.052568,
0.052567,
0.052567,
0.052565,
0.052565,
0.052563,
0.052563,
0.052562,
0.052562,
0.052560,
0.052560,
0.052559,
0.052559,
0.052557,
0.052557,
0.052555,
0.052555,
0.052554,
0.052554,
0.052552,
0.052552,
0.052550,
0.052550,
0.052549,
0.052549,
0.052547,
0.052547,
0.052546,
0.052546,
0.052544,
0.052544,
0.052542,
0.052542,
0.052541,
0.052541,
0.052539,
0.052539,
0.052537,
0.052537,
0.052536,
0.052536,
0.052534,
0.052534,
0.052532,
0.052532,
0.052531,
0.052531,
0.052529,
0.052529,
0.052528,
0.052528,
0.052526,
0.052526,
0.052524,
0.052524,
0.052523,
0.052523,
0.052521,
0.052521,
0.052520,
0.052520,
0.052518,
0.052518,
0.052516,
0.052516,
0.052515,
0.052515,
0.052513,
0.052513,
0.052511,
0.052511,
0.052510,
0.052510,
0.052508,
0.052508,
0.052507,
0.052507,
0.052505,
0.052505,
0.052503,
0.052503,
0.052502,
0.052502,
0.052500,
0.052500,
0.052498,
0.052498,
0.052497,
0.052497,
0.052495,
0.052495,
0.052494,
0.052494,
0.052492,
0.052492,
0.052490,
0.052490,
0.052489,
0.052489,
0.052487,
0.052487,
0.052486,
0.052486,
0.052484,
0.052484,
0.052482,
0.052482,
0.052481,
0.052481,
0.052479,
0.052479,
0.052477,
0.052477,
0.052476,
0.052476,
0.052474,
0.052474,
0.052473,
0.052473,
0.052471,
0.052471,
0.052469,
0.052469,
0.052468,
0.052468,
0.052466,
0.052466,
0.052465,
0.052465,
0.052463,
0.052463,
0.052461,
0.052461,
0.052460,
0.052460,
0.052458,
0.052458,
0.052457,
0.052457,
0.052455,
0.052455,
0.052453,
0.052453,
0.052452,
0.052452,
0.052450,
0.052450,
0.052449,
0.052449,
0.052447,
0.052447,
0.052445,
0.052445,
0.052444,
0.052444,
0.052442,
0.052442,
0.052441,
0.052441,
0.052439,
0.052439,
0.052437,
0.052437,
0.052436,
0.052436,
0.052434,
0.052434,
0.052433,
0.052433,
0.052431,
0.052431,
0.052429,
0.052429,
0.052428,
0.052428,
0.052426,
0.052426,
0.052425,
0.052425,
0.052423,
0.052423,
0.052421,
0.052421,
0.052420,
0.052420,
0.052418,
0.052418,
0.052417,
0.052417,
0.052415,
0.052415,
0.052413,
0.052413,
0.052412,
0.052412,
0.052410,
0.052410,
0.052409,
0.052409,
0.052407,
0.052407,
0.052405,
0.052405,
0.052404,
0.052404,
0.052402,
0.052402,
0.052401,
0.052401,
0.052399,
0.052399,
0.052397,
0.052397,
0.052396,
0.052396,
0.052394,
0.052394,
0.052393,
0.052393,
0.052391,
0.052391,
0.052390,
0.052390,
0.052388,
0.052388,
0.052386,
0.052386,
0.052385,
0.052385,
0.052383,
0.052383,
0.052382,
0.052382,
0.052380,
0.052380,
0.052378,
0.052378,
0.052377,
0.052377,
0.052375,
0.052375,
0.052374,
0.052374,
0.052372,
0.052372,
0.052371,
0.052371,
0.052369,
0.052369,
0.052367,
0.052367,
0.052366,
0.052366,
0.052364,
0.052364,
0.052363,
0.052363,
0.052361,
0.052361,
0.052359,
0.052359,
0.052358,
0.052358,
0.052356,
0.052356,
0.052355,
0.052355,
0.052353,
0.052353,
0.052352,
0.052352,
0.052350,
0.052350,
0.052348,
0.052348,
0.052347,
0.052347,
0.052345,
0.052345,
0.052344,
0.052344,
0.052342,
0.052342,
0.052341,
0.052341,
0.052339,
0.052339,
0.052337,
0.052337,
0.052336,
0.052336,
0.052334,
0.052334,
0.052333,
0.052333,
0.052331,
0.052331,
0.052330,
0.052330,
0.052328,
0.052328,
0.052326,
0.052326,
0.052325,
0.052325,
0.052323,
0.052323,
0.052322,
0.052322,
0.052320,
0.052320,
0.052319,
0.052319,
0.052317,
0.052317,
0.052315,
0.052315,
0.052314,
0.052314,
0.052312,
0.052312,
0.052311,
0.052311,
0.052309,
0.052309,
0.052308,
0.052308,
0.052306,
0.052306,
0.052304,
0.052304,
0.052303,
0.052303,
0.052301,
0.052301,
0.052300,
0.052300,
0.052298,
0.052298,
0.052297,
0.052297,
0.052295,
0.052295,
0.052294,
0.052294,
0.052292,
0.052292,
0.052290,
0.052290,
0.052289,
0.052289,
0.052287,
0.052287,
0.052286,
0.052286,
0.052284,
0.052284,
0.052283,
0.052283,
0.052281,
0.052281,
0.052280,
0.052280,
0.052278,
0.052278,
0.052276,
0.052276,
0.052275,
0.052275,
0.052273,
0.052273,
0.052272,
0.052272,
0.052270,
0.052270,
0.052269,
0.052269,
0.052267,
0.052267,
0.052266,
0.052266,
0.052264,
0.052264,
0.052262,
0.052262,
0.052261,
0.052261,
0.052259,
0.052259,
0.052258,
0.052258,
0.052256,
0.052256,
0.052255,
0.052255,
0.052253,
0.052253,
0.052252,
0.052252,
0.052250,
0.052250,
0.052248,
0.052248,
0.052247,
0.052247,
0.052245,
0.052245,
0.052244,
0.052244,
0.052242,
0.052242,
0.052241,
0.052241,
0.052239,
0.052239,
0.052238,
0.052238,
0.052236,
0.052236,
0.052235,
0.052235,
0.052233,
0.052233,
0.052231,
0.052231,
0.052230,
0.052230,
0.052228,
0.052228,
0.052227,
0.052227,
0.052225,
0.052225,
0.052224,
0.052224,
0.052222,
0.052222,
0.052221,
0.052221,
0.052219,
0.052219,
0.052218,
0.052218,
0.052216,
0.052216,
0.052214,
0.052214,
0.052213,
0.052213,
0.052211,
0.052211,
0.052210,
0.052210,
0.052208,
0.052208,
0.052207,
0.052207,
0.052205,
0.052205,
0.052204,
0.052204,
0.052202,
0.052202,
0.052201,
0.052201,
0.052199,
0.052199,
0.052198,
0.052198,
0.052196,
0.052196,
0.052194,
0.052194,
0.052193,
0.052193,
0.052191,
0.052191,
0.052190,
0.052190,
0.052188,
0.052188,
0.052187,
0.052187,
0.052185,
0.052185,
0.052184,
0.052184,
0.052182,
0.052182,
0.052181,
0.052181,
0.052179,
0.052179,
0.052178,
0.052178,
0.052176,
0.052176,
0.052175,
0.052175,
0.052173,
0.052173,
0.052172,
0.052172,
0.052170,
0.052170,
0.052168,
0.052168,
0.052167,
0.052167,
0.052165,
0.052165,
0.052164,
0.052164,
0.052162,
0.052162,
0.052161,
0.052161,
0.052159,
0.052159,
0.052158,
0.052158,
0.052156,
0.052156,
0.052155,
0.052155,
0.052153,
0.052153,
0.052152,
0.052152,
0.052150,
0.052150,
0.052149,
0.052149,
0.052147,
0.052147,
0.052146,
0.052146,
0.052144,
0.052144,
0.052143,
0.052143,
0.052141,
0.052141,
0.052140,
0.052140,
0.052138,
0.052138,
0.052136,
0.052136,
0.052135,
0.052135,
0.052133,
0.052133,
0.052132,
0.052132,
0.052130,
0.052130,
0.052129,
0.052129,
0.052127,
0.052127,
0.052126,
0.052126,
0.052124,
0.052124,
0.052123,
0.052123,
0.052121,
0.052121,
0.052120,
0.052120,
0.052118,
0.052118,
0.052117,
0.052117,
0.052115,
0.052115,
0.052114,
0.052114,
0.052112,
0.052112,
0.052111,
0.052111,
0.052109,
0.052109,
0.052108,
0.052108,
0.052106,
0.052106,
0.052105,
0.052105,
0.052103,
0.052103,
0.052102,
0.052102,
0.052100,
0.052100,
0.052099,
0.052099,
0.052097,
0.052097,
0.052096,
0.052096,
0.052094,
0.052094,
0.052093,
0.052093,
0.052091,
0.052091,
0.052090,
0.052090,
0.052088,
0.052088,
0.052087,
0.052087,
0.052085,
0.052085,
0.052084,
0.052084,
0.052082,
0.052082,
0.052081,
0.052081,
0.052079,
0.052079,
0.052078,
0.052078,
0.052076,
0.052076,
0.052075,
0.052075,
0.052073,
0.052073,
0.052072,
0.052072,
0.052070,
0.052070,
0.052069,
0.052069,
0.052067,
0.052067,
0.052066,
0.052066,
0.052064,
0.052064,
0.052063,
0.052063,
0.052061,
0.052061,
0.052060,
0.052060,
0.052058,
0.052058,
0.052057,
0.052057,
0.052055,
0.052055,
0.052054,
0.052054,
0.052052,
0.052052,
0.052051,
0.052051,
0.052049,
0.052049,
0.052048,
0.052048,
0.052046,
0.052046,
0.052045,
0.052045,
0.052043,
0.052043,
0.052042,
0.052042,
0.052040,
0.052040,
0.052039,
0.052039,
0.052037,
0.052037,
0.052036,
0.052036,
0.052034,
0.052034,
0.052033,
0.052033,
0.052031,
0.052031,
0.052030,
0.052030,
0.052028,
0.052028,
0.052027,
0.052027,
0.052025,
0.052025,
0.052024,
0.052024,
0.052022,
0.052022,
0.052021,
0.052021,
0.052019,
0.052019,
0.052018,
0.052018,
0.052016,
0.052016,
0.052015,
0.052015,
0.052013,
0.052013,
0.052012,
0.052012,
0.052010,
0.052010,
0.052009,
0.052009,
0.052007,
0.052007,
0.052006,
0.052006,
0.052004,
0.052004,
0.052003,
0.052003,
0.052001,
0.052001,
0.052000,
0.052000,
0.051998,
0.051998,
0.051997,
0.051997,
0.051995,
0.051995,
0.051994,
0.051994,
0.051993,
0.051993,
0.051991,
0.051991,
0.051990,
0.051990,
0.051988,
0.051988,
0.051987,
0.051987,
0.051985,
0.051985,
0.051984,
0.051984,
0.051982,
0.051982,
0.051981,
0.051981,
0.051979,
0.051979,
0.051978,
0.051978,
0.051976,
0.051976,
0.051975,
0.051975,
0.051973,
0.051973,
0.051972,
0.051972,
0.051970,
0.051970,
0.051969,
0.051969,
0.051967,
0.051967,
0.051966,
0.051966,
0.051964,
0.051964,
0.051963,
0.051963,
0.051962,
0.051962,
0.051960,
0.051960,
0.051959,
0.051959,
0.051957,
0.051957,
0.051956,
0.051956,
0.051954,
0.051954,
0.051953,
0.051953,
0.051951,
0.051951,
0.051950,
0.051950,
0.051948,
0.051948,
0.051947,
0.051947,
0.051945,
0.051945,
0.051944,
0.051944,
0.051942,
0.051942,
0.051941,
0.051941,
0.051940,
0.051940,
0.051938,
0.051938,
0.051937,
0.051937,
0.051935,
0.051935,
0.051934,
0.051934,
0.051932,
0.051932,
0.051931,
0.051931,
0.051929,
0.051929,
0.051928,
0.051928,
0.051926,
0.051926,
0.051925,
0.051925,
0.051923,
0.051923,
0.051922,
0.051922,
0.051920,
0.051920,
0.051919,
0.051919,
0.051918,
0.051918,
0.051916,
0.051916,
0.051915,
0.051915,
0.051913,
0.051913,
0.051912,
0.051912,
0.051910,
0.051910,
0.051909,
0.051909,
0.051907,
0.051907,
0.051906,
0.051906,
0.051904,
0.051904,
0.051903,
0.051903,
0.051902,
0.051902,
0.051900,
0.051900,
0.051899,
0.051899,
0.051897,
0.051897,
0.051896,
0.051896,
0.051894,
0.051894,
0.051893,
0.051893,
0.051891,
0.051891,
0.051890,
0.051890,
0.051888,
0.051888,
0.051887,
0.051887,
0.051886,
0.051886,
0.051884,
0.051884,
0.051883,
0.051883,
0.051881,
0.051881,
0.051880,
0.051880,
0.051878,
0.051878,
0.051877,
0.051877,
0.051875,
0.051875,
0.051874,
0.051874,
0.051872,
0.051872,
0.051871,
0.051871,
0.051870,
0.051870,
0.051868,
0.051868,
0.051867,
0.051867,
0.051865,
0.051865,
0.051864,
0.051864,
0.051862,
0.051862,
0.051861,
0.051861,
0.051859,
0.051859,
0.051858,
0.051858,
0.051857,
0.051857,
0.051855,
0.051855,
0.051854,
0.051854,
0.051852,
0.051852,
0.051851,
0.051851,
0.051849,
0.051849,
0.051848,
0.051848,
0.051846,
0.051846,
0.051845,
0.051845,
0.051844,
0.051844,
0.051842,
0.051842,
0.051841,
0.051841,
0.051839,
0.051839,
0.051838,
0.051838,
0.051836,
0.051836,
0.051835,
0.051835,
0.051833,
0.051833,
0.051832,
0.051832,
0.051831,
0.051831,
0.051829,
0.051829,
0.051828,
0.051828,
0.051826,
0.051826,
0.051825,
0.051825,
0.051823,
0.051823,
0.051822,
0.051822,
0.051821,
0.051821,
0.051819,
0.051819,
0.051818,
0.051818,
0.051816,
0.051816,
0.051815,
0.051815,
0.051813,
0.051813,
0.051812,
0.051812,
0.051811,
0.051811,
0.051809,
0.051809,
0.051808,
0.051808,
0.051806,
0.051806,
0.051805,
0.051805,
0.051803,
0.051803,
0.051802,
0.051802,
0.051801,
0.051801,
0.051799,
0.051799,
0.051798,
0.051798,
0.051796,
0.051796,
0.051795,
0.051795,
0.051793,
0.051793,
0.051792,
0.051792,
0.051791,
0.051791,
0.051789,
0.051789,
0.051788,
0.051788,
0.051786,
0.051786,
0.051785,
0.051785,
0.051783,
0.051783,
0.051782,
0.051782,
0.051781,
0.051781,
0.051779,
0.051779,
0.051778,
0.051778,
0.051776,
0.051776,
0.051775,
0.051775,
0.051773,
0.051773,
0.051772,
0.051772,
0.051771,
0.051771,
0.051769,
0.051769,
0.051768,
0.051768,
0.051766,
0.051766,
0.051765,
0.051765,
0.051763,
0.051763,
0.051762,
0.051762,
0.051761,
0.051761,
0.051759,
0.051759,
0.051758,
0.051758,
0.051756,
0.051756,
0.051755,
0.051755,
0.051754,
0.051754,
0.051752,
0.051752,
0.051751,
0.051751,
0.051749,
0.051749,
0.051748,
0.051748,
0.051746,
0.051746,
0.051745,
0.051745,
0.051744,
0.051744,
0.051742,
0.051742,
0.051741,
0.051741,
0.051739,
0.051739,
0.051738,
0.051738,
0.051737,
0.051737,
0.051735,
0.051735,
0.051734,
0.051734,
0.051732,
0.051732,
0.051731,
0.051731,
0.051730,
0.051730,
0.051728,
0.051728,
0.051727,
0.051727,
0.051725,
0.051725,
0.051724,
0.051724,
0.051722,
0.051722,
0.051721,
0.051721,
0.051720,
0.051720,
0.051718,
0.051718,
0.051717,
0.051717,
0.051715,
0.051715,
0.051714,
0.051714,
0.051713,
0.051713,
0.051711,
0.051711,
0.051710,
0.051710,
0.051708,
0.051708,
0.051707,
0.051707,
0.051706,
0.051706,
0.051704,
0.051704,
0.051703,
0.051703,
0.051701,
0.051701,
0.051700,
0.051700,
0.051699,
0.051699,
0.051697,
0.051697,
0.051696,
0.051696,
0.051694,
0.051694,
0.051693,
0.051693,
0.051692,
0.051692,
0.051690,
0.051690,
0.051689,
0.051689,
0.051687,
0.051687,
0.051686,
0.051686,
0.051685,
0.051685,
0.051683,
0.051683,
0.051682,
0.051682,
0.051680,
0.051680,
0.051679,
0.051679,
0.051678,
0.051678,
0.051676,
0.051676,
0.051675,
0.051675,
0.051673,
0.051673,
0.051672,
0.051672,
0.051671,
0.051671,
0.051669,
0.051669,
0.051668,
0.051668,
0.051666,
0.051666,
0.051665,
0.051665,
0.051664,
0.051664,
0.051662,
0.051662,
0.051661,
0.051661,
0.051659,
0.051659,
0.051658,
0.051658,
0.051657,
0.051657,
0.051655,
0.051655,
0.051654,
0.051654,
0.051653,
0.051653,
0.051651,
0.051651,
0.051650,
0.051650,
0.051648,
0.051648,
0.051647,
0.051647,
0.051646,
0.051646,
0.051644,
0.051644,
0.051643,
0.051643,
0.051641,
0.051641,
0.051640,
0.051640,
0.051639,
0.051639,
0.051637,
0.051637,
0.051636,
0.051636,
0.051634,
0.051634,
0.051633,
0.051633,
0.051632,
0.051632,
0.051630,
0.051630,
0.051629,
0.051629,
0.051628,
0.051628,
0.051626,
0.051626,
0.051625,
0.051625,
0.051623,
0.051623,
0.051622,
0.051622,
0.051621,
0.051621,
0.051619,
0.051619,
0.051618,
0.051618,
0.051616,
0.051616,
0.051615,
0.051615,
0.051614,
0.051614,
0.051612,
0.051612,
0.051611,
0.051611,
0.051610,
0.051610,
0.051608,
0.051608,
0.051607,
0.051607,
0.051605,
0.051605,
0.051604,
0.051604,
0.051603,
0.051603,
0.051601,
0.051601,
0.051600,
0.051600,
0.051599,
0.051599,
0.051597,
0.051597,
0.051596,
0.051596,
0.051594,
0.051594,
0.051593,
0.051593,
0.051592,
0.051592,
0.051590,
0.051590,
0.051589,
0.051589,
0.051588,
0.051588,
0.051586,
0.051586,
0.051585,
0.051585,
0.051583,
0.051583,
0.051582,
0.051582,
0.051581,
0.051581,
0.051579,
0.051579,
0.051578,
0.051578,
0.051577,
0.051577,
0.051575,
0.051575,
0.051574,
0.051574,
0.051572,
0.051572,
0.051571,
0.051571,
0.051570,
0.051570,
0.051568,
0.051568,
0.051567,
0.051567,
0.051566,
0.051566,
0.051564,
0.051564,
0.051563,
0.051563,
0.051562,
0.051562,
0.051560,
0.051560,
0.051559,
0.051559,
0.051557,
0.051557,
0.051556,
0.051556,
0.051555,
0.051555,
0.051553,
0.051553,
0.051552,
0.051552,
0.051551,
0.051551,
0.051549,
0.051549,
0.051548,
0.051548,
0.051547,
0.051547,
0.051545,
0.051545,
0.051544,
0.051544,
0.051542,
0.051542,
0.051541,
0.051541,
0.051540,
0.051540,
0.051538,
0.051538,
0.051537,
0.051537,
0.051536,
0.051536,
0.051534,
0.051534,
0.051533,
0.051533,
0.051532,
0.051532,
0.051530,
0.051530,
0.051529,
0.051529,
0.051528,
0.051528,
0.051526,
0.051526,
0.051525,
0.051525,
0.051523,
0.051523,
0.051522,
0.051522,
0.051521,
0.051521,
0.051519,
0.051519,
0.051518,
0.051518,
0.051517,
0.051517,
0.051515,
0.051515,
0.051514,
0.051514,
0.051513,
0.051513,
0.051511,
0.051511,
0.051510,
0.051510,
0.051509,
0.051509,
0.051507,
0.051507,
0.051506,
0.051506,
0.051504,
0.051504,
0.051503,
0.051503,
0.051502,
0.051502,
0.051500,
0.051500,
0.051499,
0.051499,
0.051498,
0.051498,
0.051496,
0.051496,
0.051495,
0.051495,
0.051494,
0.051494,
0.051492,
0.051492,
0.051491,
0.051491,
0.051490,
0.051490,
0.051488,
0.051488,
0.051487,
0.051487,
0.051486,
0.051486,
0.051484,
0.051484,
0.051483,
0.051483,
0.051482,
0.051482,
0.051480,
0.051480,
0.051479,
0.051479,
0.051478,
0.051478,
0.051476,
0.051476,
0.051475,
0.051475,
0.051473,
0.051473,
0.051472,
0.051472,
0.051471,
0.051471,
0.051469,
0.051469,
0.051468,
0.051468,
0.051467,
0.051467,
0.051465,
0.051465,
0.051464,
0.051464,
0.051463,
0.051463,
0.051461,
0.051461,
0.051460,
0.051460,
0.051459,
0.051459,
0.051457,
0.051457,
0.051456,
0.051456,
0.051455,
0.051455,
0.051453,
0.051453,
0.051452,
0.051452,
0.051451,
0.051451,
0.051449,
0.051449,
0.051448,
0.051448,
0.051447,
0.051447,
0.051445,
0.051445,
0.051444,
0.051444,
0.051443,
0.051443,
0.051441,
0.051441,
0.051440,
0.051440,
0.051439,
0.051439,
0.051437,
0.051437,
0.051436,
0.051436,
0.051435,
0.051435,
0.051433,
0.051433,
0.051432,
0.051432,
0.051431,
0.051431,
0.051429,
0.051429,
0.051428,
0.051428,
0.051427,
0.051427,
0.051425,
0.051425,
0.051424,
0.051424,
0.051423,
0.051423,
0.051421,
0.051421,
0.051420,
0.051420,
0.051419,
0.051419,
0.051417,
0.051417,
0.051416,
0.051416,
0.051415,
0.051415,
0.051413,
0.051413,
0.051412,
0.051412,
0.051411,
0.051411,
0.051409,
0.051409,
0.051408,
0.051408,
0.051407,
0.051407,
0.051405,
0.051405,
0.051404,
0.051404,
0.051403,
0.051403,
0.051401,
0.051401,
0.051400,
0.051400,
0.051399,
0.051399,
0.051398,
0.051398,
0.051396,
0.051396,
0.051395,
0.051395,
0.051394,
0.051394,
0.051392,
0.051392,
0.051391,
0.051391,
0.051390,
0.051390,
0.051388,
0.051388,
0.051387,
0.051387,
0.051386,
0.051386,
0.051384,
0.051384,
0.051383,
0.051383,
0.051382,
0.051382,
0.051380,
0.051380,
0.051379,
0.051379,
0.051378,
0.051378,
0.051376,
0.051376,
0.051375,
0.051375,
0.051374,
0.051374,
0.051372,
0.051372,
0.051371,
0.051371,
0.051370,
0.051370,
0.051368,
0.051368,
0.051367,
0.051367,
0.051366,
0.051366,
0.051365,
0.051365,
0.051363,
0.051363,
0.051362,
0.051362,
0.051361,
0.051361,
0.051359,
0.051359,
0.051358,
0.051358,
0.051357,
0.051357,
0.051355,
0.051355,
0.051354,
0.051354,
0.051353,
0.051353,
0.051351,
0.051351,
0.051350,
0.051350,
0.051349,
0.051349,
0.051347,
0.051347,
0.051346,
0.051346,
0.051345,
0.051345,
0.051344,
0.051344,
0.051342,
0.051342,
0.051341,
0.051341,
0.051340,
0.051340,
0.051338,
0.051338,
0.051337,
0.051337,
0.051336,
0.051336,
0.051334,
0.051334,
0.051333,
0.051333,
0.051332,
0.051332,
0.051330,
0.051330,
0.051329,
0.051329,
0.051328,
0.051328,
0.051327,
0.051327,
0.051325,
0.051325,
0.051324,
0.051324,
0.051323,
0.051323,
0.051321,
0.051321,
0.051320,
0.051320,
0.051319,
0.051319,
0.051317,
0.051317,
0.051316,
0.051316,
0.051315,
0.051315,
0.051314,
0.051314,
0.051312,
0.051312,
0.051311,
0.051311,
0.051310,
0.051310,
0.051308,
0.051308,
0.051307,
0.051307,
0.051306,
0.051306,
0.051304,
0.051304,
0.051303,
0.051303,
0.051302,
0.051302,
0.051301,
0.051301,
0.051299,
0.051299,
0.051298,
0.051298,
0.051297,
0.051297,
0.051295,
0.051295,
0.051294,
0.051294,
0.051293,
0.051293,
0.051291,
0.051291,
0.051290,
0.051290,
0.051289,
0.051289,
0.051288,
0.051288,
0.051286,
0.051286,
0.051285,
0.051285,
0.051284,
0.051284,
0.051282,
0.051282,
0.051281,
0.051281,
0.051280,
0.051280,
0.051279,
0.051279,
0.051277,
0.051277,
0.051276,
0.051276,
0.051275,
0.051275,
0.051273,
0.051273,
0.051272,
0.051272,
0.051271,
0.051271,
0.051269,
0.051269,
0.051268,
0.051268,
0.051267,
0.051267,
0.051266,
0.051266,
0.051264,
0.051264,
0.051263,
0.051263,
0.051262,
0.051262,
0.051260,
0.051260,
0.051259,
0.051259,
0.051258,
0.051258,
0.051257,
0.051257,
0.051255,
0.051255,
0.051254,
0.051254,
0.051253,
0.051253,
0.051251,
0.051251,
0.051250,
0.051250,
0.051249,
0.051249,
0.051248,
0.051248,
0.051246,
0.051246,
0.051245,
0.051245,
0.051244,
0.051244,
0.051242,
0.051242,
0.051241,
0.051241,
0.051240,
0.051240,
0.051239,
0.051239,
0.051237,
0.051237,
0.051236,
0.051236,
0.051235,
0.051235,
0.051233,
0.051233,
0.051232,
0.051232,
0.051231,
0.051231,
0.051230,
0.051230,
0.051228,
0.051228,
0.051227,
0.051227,
0.051226,
0.051226,
0.051225,
0.051225,
0.051223,
0.051223,
0.051222,
0.051222,
0.051221,
0.051221,
0.051219,
0.051219,
0.051218,
0.051218,
0.051217,
0.051217,
0.051216,
0.051216,
0.051214,
0.051214,
0.051213,
0.051213,
0.051212,
0.051212,
0.051210,
0.051210,
0.051209,
0.051209,
0.051208,
0.051208,
0.051207,
0.051207,
0.051205,
0.051205,
0.051204,
0.051204,
0.051203,
0.051203,
0.051202,
0.051202,
0.051200,
0.051200,
0.051199,
0.051199,
0.051198,
0.051198,
0.051196,
0.051196,
0.051195,
0.051195,
0.051194,
0.051194,
0.051193,
0.051193,
0.051191,
0.051191,
0.051190,
0.051190,
0.051189,
0.051189,
0.051188,
0.051188,
0.051186,
0.051186,
0.051185,
0.051185,
0.051184,
0.051184,
0.051183,
0.051183,
0.051181,
0.051181,
0.051180,
0.051180,
0.051179,
0.051179,
0.051177,
0.051177,
0.051176,
0.051176,
0.051175,
0.051175,
0.051174,
0.051174,
0.051172,
0.051172,
0.051171,
0.051171,
0.051170,
0.051170,
0.051169,
0.051169,
0.051167,
0.051167,
0.051166,
0.051166,
0.051165,
0.051165,
0.051164,
0.051164,
0.051162,
0.051162,
0.051161,
0.051161,
0.051160,
0.051160,
0.051159,
0.051159,
0.051157,
0.051157,
0.051156,
0.051156,
0.051155,
0.051155,
0.051153,
0.051153,
0.051152,
0.051152,
0.051151,
0.051151,
0.051150,
0.051150,
0.051148,
0.051148,
0.051147,
0.051147,
0.051146,
0.051146,
0.051145,
0.051145,
0.051143,
0.051143,
0.051142,
0.051142,
0.051141,
0.051141,
0.051140,
0.051140,
0.051138,
0.051138,
0.051137,
0.051137,
0.051136,
0.051136,
0.051135,
0.051135,
0.051133,
0.051133,
0.051132,
0.051132,
0.051131,
0.051131,
0.051130,
0.051130,
0.051128,
0.051128,
0.051127,
0.051127,
0.051126,
0.051126,
0.051125,
0.051125,
0.051123,
0.051123,
0.051122,
0.051122,
0.051121,
0.051121,
0.051120,
0.051120,
0.051118,
0.051118,
0.051117,
0.051117,
0.051116,
0.051116,
0.051115,
0.051115,
0.051113,
0.051113,
0.051112,
0.051112,
0.051111,
0.051111,
0.051110,
0.051110,
0.051108,
0.051108,
0.051107,
0.051107,
0.051106,
0.051106,
0.051105,
0.051105,
0.051103,
0.051103,
0.051102,
0.051102,
0.051101,
0.051101,
0.051100,
0.051100,
0.051098,
0.051098,
0.051097,
0.051097,
0.051096,
0.051096,
0.051095,
0.051095,
0.051093,
0.051093,
0.051092,
0.051092,
0.051091,
0.051091,
0.051090,
0.051090,
0.051088,
0.051088,
0.051087,
0.051087,
0.051086,
0.051086,
0.051085,
0.051085,
0.051083,
0.051083,
0.051082,
0.051082,
0.051081,
0.051081,
0.051080,
0.051080,
0.051078,
0.051078,
0.051077,
0.051077,
0.051076,
0.051076,
0.051075,
0.051075,
0.051073,
0.051073,
0.051072,
0.051072,
0.051071,
0.051071,
0.051070,
0.051070,
0.051069,
0.051069,
0.051067,
0.051067,
0.051066,
0.051066,
0.051065,
0.051065,
0.051064,
0.051064,
0.051062,
0.051062,
0.051061,
0.051061,
0.051060,
0.051060,
0.051059,
0.051059,
0.051057,
0.051057,
0.051056,
0.051056,
0.051055,
0.051055,
0.051054,
0.051054,
0.051052,
0.051052,
0.051051,
0.051051,
0.051050,
0.051050,
0.051049,
0.051049,
0.051048,
0.051048,
0.051046,
0.051046,
0.051045,
0.051045,
0.051044,
0.051044,
0.051043,
0.051043,
0.051041,
0.051041,
0.051040,
0.051040,
0.051039,
0.051039,
0.051038,
0.051038,
0.051036,
0.051036,
0.051035,
0.051035,
0.051034,
0.051034,
0.051033,
0.051033,
0.051032,
0.051032,
0.051030,
0.051030,
0.051029,
0.051029,
0.051028,
0.051028,
0.051027,
0.051027,
0.051025,
0.051025,
0.051024,
0.051024,
0.051023,
0.051023,
0.051022,
0.051022,
0.051021,
0.051021,
0.051019,
0.051019,
0.051018,
0.051018,
0.051017,
0.051017,
0.051016,
0.051016,
0.051014,
0.051014,
0.051013,
0.051013,
0.051012,
0.051012,
0.051011,
0.051011,
0.051009,
0.051009,
0.051008,
0.051008,
0.051007,
0.051007,
0.051006,
0.051006,
0.051005,
0.051005,
0.051003,
0.051003,
0.051002,
0.051002,
0.051001,
0.051001,
0.051000,
0.051000,
0.050999,
0.050999,
0.050997,
0.050997,
0.050996,
0.050996,
0.050995,
0.050995,
0.050994,
0.050994,
0.050992,
0.050992,
0.050991,
0.050991,
0.050990,
0.050990,
0.050989,
0.050989,
0.050988,
0.050988,
0.050986,
0.050986,
0.050985,
0.050985,
0.050984,
0.050984,
0.050983,
0.050983,
0.050981,
0.050981,
0.050980,
0.050980,
0.050979,
0.050979,
0.050978,
0.050978,
0.050977,
0.050977,
0.050975,
0.050975,
0.050974,
0.050974,
0.050973,
0.050973,
0.050972,
0.050972,
0.050971,
0.050971,
0.050969,
0.050969,
0.050968,
0.050968,
0.050967,
0.050967,
0.050966,
0.050966,
0.050964,
0.050964,
0.050963,
0.050963,
0.050962,
0.050962,
0.050961,
0.050961,
0.050960,
0.050960,
0.050958,
0.050958,
0.050957,
0.050957,
0.050956,
0.050956,
0.050955,
0.050955,
0.050954,
0.050954,
0.050952,
0.050952,
0.050951,
0.050951,
0.050950,
0.050950,
0.050949,
0.050949,
0.050948,
0.050948,
0.050946,
0.050946,
0.050945,
0.050945,
0.050944,
0.050944,
0.050943,
0.050943,
0.050942,
0.050942,
0.050940,
0.050940,
0.050939,
0.050939,
0.050938,
0.050938,
0.050937,
0.050937,
0.050936,
0.050936,
0.050934,
0.050934,
0.050933,
0.050933,
0.050932,
0.050932,
0.050931,
0.050931,
0.050929,
0.050929,
0.050928,
0.050928,
0.050927,
0.050927,
0.050926,
0.050926,
0.050925,
0.050925,
0.050923,
0.050923,
0.050922,
0.050922,
0.050921,
0.050921,
0.050920,
0.050920,
0.050919,
0.050919,
0.050917,
0.050917,
0.050916,
0.050916,
0.050915,
0.050915,
0.050914,
0.050914,
0.050913,
0.050913,
0.050911,
0.050911,
0.050910,
0.050910,
0.050909,
0.050909,
0.050908,
0.050908,
0.050907,
0.050907,
0.050906,
0.050906,
0.050904,
0.050904,
0.050903,
0.050903,
0.050902,
0.050902,
0.050901,
0.050901,
0.050900,
0.050900,
0.050898,
0.050898,
0.050897,
0.050897,
0.050896,
0.050896,
0.050895,
0.050895,
0.050894,
0.050894,
0.050892,
0.050892,
0.050891,
0.050891,
0.050890,
0.050890,
0.050889,
0.050889,
0.050888,
0.050888,
0.050886,
0.050886,
0.050885,
0.050885,
0.050884,
0.050884,
0.050883,
0.050883,
0.050882,
0.050882,
0.050880,
0.050880,
0.050879,
0.050879,
0.050878,
0.050878,
0.050877,
0.050877,
0.050876,
0.050876,
0.050875,
0.050875,
0.050873,
0.050873,
0.050872,
0.050872,
0.050871,
0.050871,
0.050870,
0.050870,
0.050869,
0.050869,
0.050867,
0.050867,
0.050866,
0.050866,
0.050865,
0.050865,
0.050864,
0.050864,
0.050863,
0.050863,
0.050861,
0.050861,
0.050860,
0.050860,
0.050859,
0.050859,
0.050858,
0.050858,
0.050857,
0.050857,
0.050856,
0.050856,
0.050854,
0.050854,
0.050853,
0.050853,
0.050852,
0.050852,
0.050851,
0.050851,
0.050850,
0.050850,
0.050848,
0.050848,
0.050847,
0.050847,
0.050846,
0.050846,
0.050845,
0.050845,
0.050844,
0.050844,
0.050843,
0.050843,
0.050841,
0.050841,
0.050840,
0.050840,
0.050839,
0.050839,
0.050838,
0.050838,
0.050837,
0.050837,
0.050835,
0.050835,
0.050834,
0.050834,
0.050833,
0.050833,
0.050832,
0.050832,
0.050831,
0.050831,
0.050830,
0.050830,
0.050828,
0.050828,
0.050827,
0.050827,
0.050826,
0.050826,
0.050825,
0.050825,
0.050824,
0.050824,
0.050823,
0.050823,
0.050821,
0.050821,
0.050820,
0.050820,
0.050819,
0.050819,
0.050818,
0.050818,
0.050817,
0.050817,
0.050816,
0.050816,
0.050814,
0.050814,
0.050813,
0.050813,
0.050812,
0.050812,
0.050811,
0.050811,
0.050810,
0.050810,
0.050808,
0.050808,
0.050807,
0.050807,
0.050806,
0.050806,
0.050805,
0.050805,
0.050804,
0.050804,
0.050803,
0.050803,
0.050801,
0.050801,
0.050800,
0.050800,
0.050799,
0.050799,
0.050798,
0.050798,
0.050797,
0.050797,
0.050796,
0.050796,
0.050794,
0.050794,
0.050793,
0.050793,
0.050792,
0.050792,
0.050791,
0.050791,
0.050790,
0.050790,
0.050789,
0.050789,
0.050787,
0.050787,
0.050786,
0.050786,
0.050785,
0.050785,
0.050784,
0.050784,
0.050783,
0.050783,
0.050782,
0.050782,
0.050780,
0.050780,
0.050779,
0.050779,
0.050778,
0.050778,
0.050777,
0.050777,
0.050776,
0.050776,
0.050775,
0.050775,
0.050773,
0.050773,
0.050772,
0.050772,
0.050771,
0.050771,
0.050770,
0.050770,
0.050769,
0.050769,
0.050768,
0.050768,
0.050767,
0.050767,
0.050765,
0.050765,
0.050764,
0.050764,
0.050763,
0.050763,
0.050762,
0.050762,
0.050761,
0.050761,
0.050760,
0.050760,
0.050758,
0.050758,
0.050757,
0.050757,
0.050756,
0.050756,
0.050755,
0.050755,
0.050754,
0.050754,
0.050753,
0.050753,
0.050751,
0.050751,
0.050750,
0.050750,
0.050749,
0.050749,
0.050748,
0.050748,
0.050747,
0.050747,
0.050746,
0.050746,
0.050745,
0.050745,
0.050743,
0.050743,
0.050742,
0.050742,
0.050741,
0.050741,
0.050740,
0.050740,
0.050739,
0.050739,
0.050738,
0.050738,
0.050736,
0.050736,
0.050735,
0.050735,
0.050734,
0.050734,
0.050733,
0.050733,
0.050732,
0.050732,
0.050731,
0.050731,
0.050730,
0.050730,
0.050728,
0.050728,
0.050727,
0.050727,
0.050726,
0.050726,
0.050725,
0.050725,
0.050724,
0.050724,
0.050723,
0.050723,
0.050721,
0.050721,
0.050720,
0.050720,
0.050719,
0.050719,
0.050718,
0.050718,
0.050717,
0.050717,
0.050716,
0.050716,
0.050715,
0.050715,
0.050713,
0.050713,
0.050712,
0.050712,
0.050711,
0.050711,
0.050710,
0.050710,
0.050709,
0.050709,
0.050708,
0.050708,
0.050707,
0.050707,
0.050705,
0.050705,
0.050704,
0.050704,
0.050703,
0.050703,
0.050702,
0.050702,
0.050701,
0.050701,
0.050700,
0.050700,
0.050699,
0.050699,
0.050697,
0.050697,
0.050696,
0.050696,
0.050695,
0.050695,
0.050694,
0.050694,
0.050693,
0.050693,
0.050692,
0.050692,
0.050691,
0.050691,
0.050689,
0.050689,
0.050688,
0.050688,
0.050687,
0.050687,
0.050686,
0.050686,
0.050685,
0.050685,
0.050684,
0.050684,
0.050683,
0.050683,
0.050681,
0.050681,
0.050680,
0.050680,
0.050679,
0.050679,
0.050678,
0.050678,
0.050677,
0.050677,
0.050676,
0.050676,
0.050675,
0.050675,
0.050674,
0.050674,
0.050672,
0.050672,
0.050671,
0.050671,
0.050670,
0.050670,
0.050669,
0.050669,
0.050668,
0.050668,
0.050667,
0.050667,
0.050666,
0.050666,
0.050664,
0.050664,
0.050663,
0.050663,
0.050662,
0.050662,
0.050661,
0.050661,
0.050660,
0.050660,
0.050659,
0.050659,
0.050658,
0.050658,
0.050656,
0.050656,
0.050655,
0.050655,
0.050654,
0.050654,
0.050653,
0.050653,
0.050652,
0.050652,
0.050651,
0.050651,
0.050650,
0.050650,
0.050649,
0.050649,
0.050647,
0.050647,
0.050646,
0.050646,
0.050645,
0.050645,
0.050644,
0.050644,
0.050643,
0.050643,
0.050642,
0.050642,
0.050641,
0.050641,
0.050640,
0.050640,
0.050638,
0.050638,
0.050637,
0.050637,
0.050636,
0.050636,
0.050635,
0.050635,
0.050634,
0.050634,
0.050633,
0.050633,
0.050632,
0.050632,
0.050631,
0.050631,
0.050629,
0.050629,
0.050628,
0.050628,
0.050627,
0.050627,
0.050626,
0.050626,
0.050625,
0.050625,
0.050624,
0.050624,
0.050623,
0.050623,
0.050622,
0.050622,
0.050620,
0.050620,
0.050619,
0.050619,
0.050618,
0.050618,
0.050617,
0.050617,
0.050616,
0.050616,
0.050615,
0.050615,
0.050614,
0.050614,
0.050613,
0.050613,
0.050611,
0.050611,
0.050610,
0.050610,
0.050609,
0.050609,
0.050608,
0.050608,
0.050607,
0.050607,
0.050606,
0.050606,
0.050605,
0.050605,
0.050604,
0.050604,
0.050602,
0.050602,
0.050601,
0.050601,
0.050600,
0.050600,
0.050599,
0.050599,
0.050598,
0.050598,
0.050597,
0.050597,
0.050596,
0.050596,
0.050595,
0.050595,
0.050594,
0.050594,
0.050592,
0.050592,
0.050591,
0.050591,
0.050590,
0.050590,
0.050589,
0.050589,
0.050588,
0.050588,
0.050587,
0.050587,
0.050586,
0.050586,
0.050585,
0.050585,
0.050584,
0.050584,
0.050582,
0.050582,
0.050581,
0.050581,
0.050580,
0.050580,
0.050579,
0.050579,
0.050578,
0.050578,
0.050577,
0.050577,
0.050576,
0.050576,
0.050575,
0.050575,
0.050573,
0.050573,
0.050572,
0.050572,
0.050571,
0.050571,
0.050570,
0.050570,
0.050569,
0.050569,
0.050568,
0.050568,
0.050567,
0.050567,
0.050566,
0.050566,
0.050565,
0.050565,
0.050564,
0.050564,
0.050562,
0.050562,
0.050561,
0.050561,
0.050560,
0.050560,
0.050559,
0.050559,
0.050558,
0.050558,
0.050557,
0.050557,
0.050556,
0.050556,
0.050555,
0.050555,
0.050554,
0.050554,
0.050552,
0.050552,
0.050551,
0.050551,
0.050550,
0.050550,
0.050549,
0.050549,
0.050548,
0.050548,
0.050547,
0.050547,
0.050546,
0.050546,
0.050545,
0.050545,
0.050544,
0.050544,
0.050542,
0.050542,
0.050541,
0.050541,
0.050540,
0.050540,
0.050539,
0.050539,
0.050538,
0.050538,
0.050537,
0.050537,
0.050536,
0.050536,
0.050535,
0.050535,
0.050534,
0.050534,
0.050533,
0.050533,
0.050531,
0.050531,
0.050530,
0.050530,
0.050529,
0.050529,
0.050528,
0.050528,
0.050527,
0.050527,
0.050526,
0.050526,
0.050525,
0.050525,
0.050524,
0.050524,
0.050523,
0.050523,
0.050522,
0.050522,
0.050520,
0.050520,
0.050519,
0.050519,
0.050518,
0.050518,
0.050517,
0.050517,
0.050516,
0.050516,
0.050515,
0.050515,
0.050514,
0.050514,
0.050513,
0.050513,
0.050512,
0.050512,
0.050511,
0.050511,
0.050510,
0.050510,
0.050508,
0.050508,
0.050507,
0.050507,
0.050506,
0.050506,
0.050505,
0.050505,
0.050504,
0.050504,
0.050503,
0.050503,
0.050502,
0.050502,
0.050501,
0.050501,
0.050500,
0.050500,
0.050499,
0.050499,
0.050498,
0.050498,
0.050496,
0.050496,
0.050495,
0.050495,
0.050494,
0.050494,
0.050493,
0.050493,
0.050492,
0.050492,
0.050491,
0.050491,
0.050490,
0.050490,
0.050489,
0.050489,
0.050488,
0.050488,
0.050487,
0.050487,
0.050486,
0.050486,
0.050484,
0.050484,
0.050483,
0.050483,
0.050482,
0.050482,
0.050481,
0.050481,
0.050480,
0.050480,
0.050479,
0.050479,
0.050478,
0.050478,
0.050477,
0.050477,
0.050476,
0.050476,
0.050475,
0.050475,
0.050474,
0.050474,
0.050472,
0.050472,
0.050471,
0.050471,
0.050470,
0.050470,
0.050469,
0.050469,
0.050468,
0.050468,
0.050467,
0.050467,
0.050466,
0.050466,
0.050465,
0.050465,
0.050464,
0.050464,
0.050463,
0.050463,
0.050462,
0.050462,
0.050461,
0.050461,
0.050459,
0.050459,
0.050458,
0.050458,
0.050457,
0.050457,
0.050456,
0.050456,
0.050455,
0.050455,
0.050454,
0.050454,
0.050453,
0.050453,
0.050452,
0.050452,
0.050451,
0.050451,
0.050450,
0.050450,
0.050449,
0.050449,
0.050448,
0.050448,
0.050446,
0.050446,
0.050445,
0.050445,
0.050444,
0.050444,
0.050443,
0.050443,
0.050442,
0.050442,
0.050441,
0.050441,
0.050440,
0.050440,
0.050439,
0.050439,
0.050438,
0.050438,
0.050437,
0.050437,
0.050436,
0.050436,
0.050435,
0.050435,
0.050434,
0.050434,
0.050432,
0.050432,
0.050431,
0.050431,
0.050430,
0.050430,
0.050429,
0.050429,
0.050428,
0.050428,
0.050427,
0.050427,
0.050426,
0.050426,
0.050425,
0.050425,
0.050424,
0.050424,
0.050423,
0.050423,
0.050422,
0.050422,
0.050421,
0.050421,
0.050420,
0.050420,
0.050419,
0.050419,
0.050417,
0.050417,
0.050416,
0.050416,
0.050415,
0.050415,
0.050414,
0.050414,
0.050413,
0.050413,
0.050412,
0.050412,
0.050411,
0.050411,
0.050410,
0.050410,
0.050409,
0.050409,
0.050408,
0.050408,
0.050407,
0.050407,
0.050406,
0.050406,
0.050405,
0.050405,
0.050404,
0.050404,
0.050402,
0.050402,
0.050401,
0.050401,
0.050400,
0.050400,
0.050399,
0.050399,
0.050398,
0.050398,
0.050397,
0.050397,
0.050396,
0.050396,
0.050395,
0.050395,
0.050394,
0.050394,
0.050393,
0.050393,
0.050392,
0.050392,
0.050391,
0.050391,
0.050390,
0.050390,
0.050389,
0.050389,
0.050388,
0.050388,
0.050386,
0.050386,
0.050385,
0.050385,
0.050384,
0.050384,
0.050383,
0.050383,
0.050382,
0.050382,
0.050381,
0.050381,
0.050380,
0.050380,
0.050379,
0.050379,
0.050378,
0.050378,
0.050377,
0.050377,
0.050376,
0.050376,
0.050375,
0.050375,
0.050374,
0.050374,
0.050373,
0.050373,
0.050372,
0.050372,
0.050371,
0.050371,
0.050370,
0.050370,
0.050368,
0.050368,
0.050367,
0.050367,
0.050366,
0.050366,
0.050365,
0.050365,
0.050364,
0.050364,
0.050363,
0.050363,
0.050362,
0.050362,
0.050361,
0.050361,
0.050360,
0.050360,
0.050359,
0.050359,
0.050358,
0.050358,
0.050357,
0.050357,
0.050356,
0.050356,
0.050355,
0.050355,
0.050354,
0.050354,
0.050353,
0.050353,
0.050352,
0.050352,
0.050350,
0.050350,
0.050349,
0.050349,
0.050348,
0.050348,
0.050347,
0.050347,
0.050346,
0.050346,
0.050345,
0.050345,
0.050344,
0.050344,
0.050343,
0.050343,
0.050342,
0.050342,
0.050341,
0.050341,
0.050340,
0.050340,
0.050339,
0.050339,
0.050338,
0.050338,
0.050337,
0.050337,
0.050336,
0.050336,
0.050335,
0.050335,
0.050334,
0.050334,
0.050333,
0.050333,
0.050332,
0.050332,
0.050330,
0.050330,
0.050329,
0.050329,
0.050328,
0.050328,
0.050327,
0.050327,
0.050326,
0.050326,
0.050325,
0.050325,
0.050324,
0.050324,
0.050323,
0.050323,
0.050322,
0.050322,
0.050321,
0.050321,
0.050320,
0.050320,
0.050319,
0.050319,
0.050318,
0.050318,
0.050317,
0.050317,
0.050316,
0.050316,
0.050315,
0.050315,
0.050314,
0.050314,
0.050313,
0.050313,
0.050312,
0.050312,
0.050311,
0.050311,
0.050310,
0.050310,
0.050309,
0.050309,
0.050307,
0.050307,
0.050306,
0.050306,
0.050305,
0.050305,
0.050304,
0.050304,
0.050303,
0.050303,
0.050302,
0.050302,
0.050301,
0.050301,
0.050300,
0.050300,
0.050299,
0.050299,
0.050298,
0.050298,
0.050297,
0.050297,
0.050296,
0.050296,
0.050295,
0.050295,
0.050294,
0.050294,
0.050293,
0.050293,
0.050292,
0.050292,
0.050291,
0.050291,
0.050290,
0.050290,
0.050289,
0.050289,
0.050288,
0.050288,
0.050287,
0.050287,
0.050286,
0.050286,
0.050285,
0.050285,
0.050284,
0.050284,
0.050282,
0.050282,
0.050281,
0.050281,
0.050280,
0.050280,
0.050279,
0.050279,
0.050278,
0.050278,
0.050277,
0.050277,
0.050276,
0.050276,
0.050275,
0.050275,
0.050274,
0.050274,
0.050273,
0.050273,
0.050272,
0.050272,
0.050271,
0.050271,
0.050270,
0.050270,
0.050269,
0.050269,
0.050268,
0.050268,
0.050267,
0.050267,
0.050266,
0.050266,
0.050265,
0.050265,
0.050264,
0.050264,
0.050263,
0.050263,
0.050262,
0.050262,
0.050261,
0.050261,
0.050260,
0.050260,
0.050259,
0.050259,
0.050258,
0.050258,
0.050257,
0.050257,
0.050256,
0.050256,
0.050255,
0.050255,
0.050254,
0.050254,
0.050253,
0.050253,
0.050251,
0.050251,
0.050250,
0.050250,
0.050249,
0.050249,
0.050248,
0.050248,
0.050247,
0.050247,
0.050246,
0.050246,
0.050245,
0.050245,
0.050244,
0.050244,
0.050243,
0.050243,
0.050242,
0.050242,
0.050241,
0.050241,
0.050240,
0.050240,
0.050239,
0.050239,
0.050238,
0.050238,
0.050237,
0.050237,
0.050236,
0.050236,
0.050235,
0.050235,
0.050234,
0.050234,
0.050233,
0.050233,
0.050232,
0.050232,
0.050231,
0.050231,
0.050230,
0.050230,
0.050229,
0.050229,
0.050228,
0.050228,
0.050227,
0.050227,
0.050226,
0.050226,
0.050225,
0.050225,
0.050224,
0.050224,
0.050223,
0.050223,
0.050222,
0.050222,
0.050221,
0.050221,
0.050220,
0.050220,
0.050219,
0.050219,
0.050218,
0.050218,
0.050217,
0.050217,
0.050216,
0.050216,
0.050215,
0.050215,
0.050214,
0.050214,
0.050213,
0.050213,
0.050212,
0.050212,
0.050210,
0.050210,
0.050209,
0.050209,
0.050208,
0.050208,
0.050207,
0.050207,
0.050206,
0.050206,
0.050205,
0.050205,
0.050204,
0.050204,
0.050203,
0.050203,
0.050202,
0.050202,
0.050201,
0.050201,
0.050200,
0.050200,
0.050199,
0.050199,
0.050198,
0.050198,
0.050197,
0.050197,
0.050196,
0.050196,
0.050195,
0.050195,
0.050194,
0.050194,
0.050193,
0.050193,
0.050192,
0.050192,
0.050191,
0.050191,
0.050190,
0.050190,
0.050189,
0.050189,
0.050188,
0.050188,
0.050187,
0.050187,
0.050186,
0.050186,
0.050185,
0.050185,
0.050184,
0.050184,
0.050183,
0.050183,
0.050182,
0.050182,
0.050181,
0.050181,
0.050180,
0.050180,
0.050179,
0.050179,
0.050178,
0.050178,
0.050177,
0.050177,
0.050176,
0.050176,
0.050175,
0.050175,
0.050174,
0.050174,
0.050173,
0.050173,
0.050172,
0.050172,
0.050171,
0.050171,
0.050170,
0.050170,
0.050169,
0.050169,
0.050168,
0.050168,
0.050167,
0.050167,
0.050166,
0.050166,
0.050165,
0.050165,
0.050164,
0.050164,
0.050163,
0.050163,
0.050162,
0.050162,
0.050161,
0.050161,
0.050160,
0.050160,
0.050159,
0.050159,
0.050158,
0.050158,
0.050157,
0.050157,
0.050156,
0.050156,
0.050155,
0.050155,
0.050154,
0.050154,
0.050153,
0.050153,
0.050152,
0.050152,
0.050151,
0.050151,
0.050150,
0.050150,
0.050149,
0.050149,
0.050148,
0.050148,
0.050147,
0.050147,
0.050146,
0.050146,
0.050145,
0.050145,
0.050144,
0.050144,
0.050143,
0.050143,
0.050142,
0.050142,
0.050141,
0.050141,
0.050140,
0.050140,
0.050139,
0.050139,
0.050138,
0.050138,
0.050137,
0.050137,
0.050136,
0.050136,
0.050135,
0.050135,
0.050134,
0.050134,
0.050133,
0.050133,
0.050132,
vetor pesos sinapticos final:
0.709936 0.978560 0.911816 0.544617 
0.898785 0.927747 0.519043 1.352687 
0.602969 1.377437 0.641453 1.096606 
0.461729 1.258110 0.443082 0.917401 
0.652104 0.738318 0.819101 1.427213 
0.945692 1.179586 1.156392 0.551576 
0.806497 0.967696 0.463743 1.264610 
0.810861 1.377956 1.402310 0.622531 
1.171162 1.129261 1.247428 1.002975 
0.644016 0.784249 1.313653 0.954786 
0.604708 0.651219 0.873882 0.566041 
0.568727 1.344294 1.103778 0.755683 
0.941907 0.658085 1.082811 1.395138 
1.280419 0.913128 1.383266 0.666386 
0.841440 1.427945 1.278405 0.562593 
0.706549 1.274712 1.101031 0.937543 
1.258384 0.974165 0.783547 1.010086 
1.291924 1.286309 1.111072 0.730017 
0.542054 0.752815 0.718573 0.911664 
0.908490 1.148121 1.363582 0.540833 
1.158650 0.494384 0.505188 1.162404 
1.390957 0.797707 0.721472 0.753761 
1.038712 1.160969 0.995437 0.991317 
0.696508 1.429746 1.401913 1.315271 
0.549989 1.028214 1.225577 0.699896 
0.690343 1.140186 1.042405 0.535126 
1.095019 0.892467 0.794869 0.525299 
0.555513 0.696142 1.392574 1.012405 
1.333796 1.402706 0.869731 0.628635 
0.828318 1.430295 0.630283 0.686040 
1.031388 0.517548 0.812387 1.208181 
1.058305 1.260277 1.303186 1.010849 
0.530579 1.087481 0.434995 0.737800 
1.093493 0.833445 0.895031 1.257988 
0.849742 0.561555 0.878429 1.330103 
0.990523 0.796304 1.017258 0.941083 
1.405117 0.819772 1.116077 1.224814 
0.549836 1.188985 1.225150 1.366817 
1.358760 1.129871 1.083025 1.401974 
0.475768 0.964796 0.459410 1.310663 
0.591067 1.229392 1.429776 1.320276 
1.161763 0.634891 1.112567 0.817819 
1.298638 0.532868 0.901104 0.780312 
1.100482 1.037644 0.720282 1.128925 
1.216543 0.463652 1.340235 0.913006 
0.919019 1.233207 1.277825 0.730811 
0.466337 0.911145 1.317346 1.292565 
1.039017 0.523041 1.181447 0.532288 
1.028580 0.812600 1.383846 1.175069 
0.961775 0.594607 0.794839 1.165028 
0.840403 0.860301 0.951093 0.861613 
1.178578 0.790566 0.640537 1.409176 
0.518372 1.333674 0.794320 1.186696 
0.705603 0.503662 1.216238 0.744147 
0.706030 1.056047 1.181569 1.131244 
1.244346 0.696050 0.436246 1.024735 
1.046433 0.476958 0.627567 0.561250 
0.966475 0.543824 0.697973 1.281365 
0.780007 0.879100 1.272728 1.090838 
0.924268 1.206686 0.573213 0.646275 
0.967146 0.710211 0.886852 1.070482 
1.085680 0.722296 1.124652 1.404202 
1.335810 1.040360 0.498260 0.700475 
0.994338 1.025986 0.847147 1.168019 
0.754219 1.143696 0.647556 1.269157 
1.054948 1.095141 1.234336 1.179708 
1.328577 1.205709 1.266655 0.516022 
0.443296 1.218832 0.969740 0.736030 
1.125507 1.155171 1.182515 1.120319 
0.641453 1.392269 0.743537 0.739387 
0.520020 0.621127 1.246177 1.313989 
0.597872 0.836344 0.693700 1.373531 
1.167928 1.015091 1.086626 0.620212 
0.512634 0.642338 0.472441 0.904248 
0.603549 0.737800 0.489745 0.716559 
1.247642 0.541108 0.937757 0.605441 
0.462492 0.511444 1.402249 1.423337 
1.361506 0.797952 0.469633 0.809671 
1.329218 0.836771 0.560273 0.816720 
0.770027 1.231925 0.911664 1.083910 
1.209555 0.574861 0.743812 0.467284 
1.031235 1.360469 1.137256 0.530457 
0.628635 0.654332 0.655186 0.803048 
1.255455 0.668919 1.241172 1.212790 
1.353419 0.903424 1.423215 0.597933 
0.640537 1.005081 1.355922 0.706030 
0.740180 1.006820 0.731849 0.584902 
0.632114 1.098620 1.093096 0.773018 
0.707525 0.587862 0.574434 1.194387 
0.708532 1.205801 0.609805 1.165059 
1.333796 1.415585 0.632328 1.417355 
0.791207 0.878856 1.300195 0.547486 
1.079637 0.736548 1.278893 0.793832 
1.279686 0.860545 1.111621 0.550782 
0.635990 0.732093 1.208456 0.526032 
0.711767 1.103747 0.486266 0.946027 
1.396511 1.100298 0.690099 0.716772 
1.048783 0.915936 0.927503 0.945905 
0.555116 0.762916 0.446775 0.732489 
0.585665 1.228781 1.191183 0.630374 
0.828989 0.697607 1.158986 0.691869 
0.486113 0.992538 1.102191 0.497527 
0.805978 0.894695 0.593752 1.078844 
0.942792 0.695745 0.995742 1.139301 
0.917248 0.439481 1.358638 0.480986 
0.962355 1.009659 0.783883 1.042252 
1.035111 0.719122 1.280510 0.452879 
0.775765 0.557771 0.646824 0.513428 
0.695440 0.754585 1.409451 0.504211 
0.873454 0.810464 1.349391 0.731086 
0.945661 0.657933 0.647831 1.213247 
0.665257 1.104357 1.182332 0.920422 
0.816965 1.214133 1.004074 0.464842 
0.765846 0.786965 0.528870 0.654515 
1.422421 0.588076 0.471526 0.814096 
0.904736 0.486236 1.056077 1.279900 
0.679265 1.156819 0.532441 0.974349 
0.461363 0.505004 0.531159 0.467467 
0.656834 0.466429 1.286950 0.430478 
0.625553 1.340601 1.263023 0.888317 
0.548982 1.314081 1.206778 1.177388 
1.182241 1.329248 1.168538 1.014358 
1.271996 0.955030 0.514282 0.582979 
0.921979 1.415799 0.464049 1.044236 
0.686925 0.434751 1.186483 1.376857 
0.675969 1.048112 0.981765 0.954023 
0.447569 1.045976 0.583559 0.763038 
0.976210 1.196676 1.111133 0.673070 
0.472960 0.910473 0.703253 0.658818 
1.340632 0.498962 1.365230 1.384792 
1.044999 0.686406 1.059465 1.057664 
1.183278 0.529267 0.572176 0.952253 
0.531159 1.400234 1.186178 0.517609 
1.349543 1.192953 0.691686 0.469328 
0.732215 1.403652 0.766487 0.774635 
1.276146 1.246085 1.256218 0.936109 
0.854747 0.455717 1.386440 0.480712 
0.776436 0.939985 0.437528 1.059922 
1.108874 0.929975 0.913891 1.067430 
0.450559 0.790780 0.738135 1.180959 
0.930982 1.146229 0.502502 0.733863 
0.720526 0.473876 1.307641 1.323206 
0.831278 0.827768 1.220694 0.560212 
0.490325 0.843546 0.884044 1.370052 
0.866435 0.683477 1.305291 0.745918 
0.431302 1.077318 1.360347 1.365260 
0.737311 1.114612 1.040696 0.972884 
0.892071 0.945722 0.975844 0.938550 
0.511627 1.046983 1.262718 0.893963 
0.433744 1.206686 1.132587 0.856639 
0.971571 0.887981 0.487426 0.746040 
0.990218 1.125080 0.836649 0.698705 
0.586397 0.608615 0.665166 1.088366 
0.653141 1.117267 0.764747 0.657414 
1.110248 0.950544 0.559266 0.665929 
1.082232 0.520630 0.955458 0.464567 
0.804605 0.758033 0.750190 1.397610 
0.540223 0.488158 1.125781 0.442014 
1.286187 0.435025 1.264274 0.489532 
0.553315 1.007888 0.612338 0.677251 
0.999313 0.527313 0.827646 0.673406 
1.196096 1.047379 0.938093 1.324396 
1.313836 1.429288 0.745277 0.569582 
1.001754 0.823465 1.003402 1.029801 
1.247672 1.216177 1.404690 1.175679 
0.497222 1.196615 0.902661 0.482879 
0.814371 0.601077 1.404934 0.479460 
1.363551 1.190481 1.365687 1.092120 
0.995986 1.016922 1.310602 1.197561 
1.220572 0.636448 0.823984 0.785378 
1.340540 0.823465 1.030594 0.638279 
1.037613 0.943250 1.102343 0.936139 
1.184743 0.639408 0.822061 0.690313 
1.168324 0.991378 0.735022 1.414090 
0.501708 0.799416 0.919415 0.935804 
1.010879 1.152577 0.907422 0.760811 
1.373561 0.936078 0.788003 0.888561 
1.293206 0.434537 1.022293 0.490783 
1.089007 0.687047 1.003311 1.357570 
0.983046 0.750404 0.891155 0.516937 
0.866130 0.526978 0.754585 0.934980 
0.823251 1.313135 0.550782 0.701635 
1.200063 0.724585 0.973982 0.609713 
0.491729 1.155171 0.704626 0.532319 
0.835398 1.424741 1.090258 0.505493 
1.386928 0.772987 0.789101 0.922315 
1.364192 0.855296 1.407895 0.744239 
1.037522 0.896526 0.665044 1.136677 
0.448332 0.659428 1.110705 0.434263 
1.138019 1.383846 0.934217 0.842875 
0.667393 1.352503 0.891155 0.783730 
1.208731 1.240531 0.880596 1.286706 
0.991134 0.903942 1.203909 1.338679 
0.880809 0.764259 1.036759 0.592898 
0.877269 0.444608 1.144886 1.346491 
0.806680 0.814462 1.375453 1.191091 
0.994064 1.098559 0.955091 1.244163 
1.194936 1.206655 1.125781 1.366389 
0.568056 0.940168 1.149708 1.271538 
0.970625 1.232077 1.214834 0.935376 
1.356623 1.076189 1.271782 1.209555 
@@@@@@@@@@@@@@@@

qtd epocas = 2588


vetor com as saidas desejadas:
0.061100 0.286000 0.746400 0.483100 
0.510200 0.746400 0.086000 0.596500 
0.000400 0.691600 0.500600 0.531800 
0.943000 0.447600 0.264800 0.684300 
0.139900 0.161000 0.247700 0.287200 
0.642300 0.322900 0.856700 0.766300 
0.649200 0.000700 0.642200 0.566600 
0.181800 0.507800 0.904600 0.660100 
0.738200 0.264700 0.191600 0.542700 
0.387900 0.130700 0.865600 0.583600 
0.190300 0.652300 0.782000 0.695000 
0.840100 0.449000 0.271900 0.679000 
0.002900 0.326400 0.247600 0.295600 
0.708800 0.934200 0.276300 0.774200 
0.128300 0.188200 0.725300 0.466200 
0.888200 0.307700 0.893100 0.809300 
0.222500 0.918200 0.782000 0.758100 
0.195700 0.842300 0.308500 0.582600 
0.999100 0.591400 0.393300 0.793800 
y = 0.504560
y = 0.509125
y = 0.513695
y = 0.518270
y = 0.522848
y = 0.527428
y = 0.532011
y = 0.536594
y = 0.541178
y = 0.545761
y = 0.550343
y = 0.554923
y = 0.559500
y = 0.564073
y = 0.568642
y = 0.573205
y = 0.577763
y = 0.582313
y = 0.586856
y = 0.591390
