vetor pesos sinapticos original:
0.286294 0.525254 0.007965 0.316019 
0.558458 0.526322 0.452681 0.937010 
0.933561 0.376293 0.908719 0.756340 
0.298288 0.659688 0.388592 0.937895 
0.055940 0.981658 0.131993 0.097232 
0.856410 0.402753 0.426527 0.463851 
0.234535 0.148991 0.602557 0.521744 
0.812922 0.628498 0.107944 0.410047 
0.225288 0.286203 0.069369 0.864681 
0.417035 0.327586 0.245918 0.981841 
0.478683 0.842799 0.781701 0.585589 
0.669057 0.362407 0.663442 0.479812 
0.784051 0.376232 0.289529 0.366314 
0.527360 0.846004 0.056551 0.710196 
0.039369 0.243568 0.369640 0.333659 
0.240577 0.145848 0.982940 0.019715 
0.145665 0.917570 0.076266 0.906949 
0.804498 0.512955 0.974792 0.956114 
0.026429 0.928282 0.916868 0.270821 
0.544084 0.335551 0.777520 0.552812 
0.772454 0.429426 0.152898 0.472884 
0.820612 0.018159 0.712668 0.239601 
0.910978 0.389843 0.225715 0.146214 
0.863582 0.485458 0.166478 0.377422 
0.800562 0.409742 0.307199 0.857173 
0.727927 0.311136 0.202979 0.418653 
0.150365 0.162267 0.975616 0.077944 
0.375774 0.471877 0.302347 0.692312 
0.664937 0.459822 0.016327 0.784417 
0.883786 0.726157 0.224189 0.814081 
0.813440 0.945524 0.347789 0.678426 
0.774895 0.618305 0.995849 0.721610 
0.724387 0.409528 0.071993 0.035859 
0.475600 0.107212 0.025483 0.334605 
0.205176 0.730613 0.650563 0.179052 
0.897794 0.820490 0.340800 0.839930 
0.886563 0.442274 0.205267 0.574511 
0.145848 0.933134 0.951781 0.601825 
0.492080 0.924528 0.944090 0.555528 
0.348827 0.671529 0.339335 0.697104 
0.232856 0.219916 0.711722 0.669881 
0.617145 0.442396 0.068545 0.075228 
0.326853 0.475265 0.665578 0.652547 
0.124973 0.586688 0.526811 0.343547 
0.643605 0.007843 0.076357 0.023164 
0.317087 0.758415 0.787194 0.177282 
0.473586 0.996948 0.254097 0.309000 
0.240852 0.928587 0.596698 0.354930 
0.422864 0.800073 0.598682 0.892270 
0.003388 0.014191 0.489639 0.418226 
0.432630 0.894589 0.775781 0.482986 
0.353526 0.132054 0.025727 0.957366 
0.923643 0.443983 0.017579 0.216590 
0.388867 0.477676 0.153569 0.521195 
0.065737 0.489273 0.548601 0.376598 
0.387768 0.829218 0.698813 0.152318 
0.172613 0.765526 0.136448 0.742302 
0.766411 0.676412 0.977447 0.547319 
0.220985 0.143101 0.767571 0.561266 
0.160833 0.974425 0.534074 0.841762 
0.495437 0.694205 0.448103 0.147130 
0.633961 0.522782 0.005249 0.020508 
0.357738 0.384167 0.129582 0.102329 
0.007569 0.969329 0.107791 0.952879 
0.141514 0.387982 0.759850 0.165532 
0.319529 0.439009 0.751915 0.052644 
0.171697 0.031556 0.458571 0.684500 
0.405499 0.787866 0.279580 0.563372 
0.909085 0.358379 0.818384 0.713553 
0.606281 0.481918 0.827876 0.468459 
0.219886 0.320505 0.330332 0.736442 
0.599597 0.101138 0.817133 0.026307 
0.770226 0.595416 0.934904 0.013825 
0.357341 0.468245 0.564318 0.930570 
0.545701 0.027070 0.697653 0.556078 
0.227454 0.402661 0.021332 0.095126 
0.495865 0.692618 0.610065 0.720725 
0.140996 0.099399 0.638203 0.064455 
0.303812 0.593493 0.515305 0.435377 
0.944273 0.133091 0.351390 0.048647 
0.280679 0.972076 0.158971 0.045198 
0.855647 0.086642 0.697134 0.583605 
0.385235 0.252907 0.364940 0.785607 
0.047792 0.805445 0.049623 0.816156 
0.368297 0.609302 0.336131 0.879879 
0.354656 0.275948 0.984405 0.414289 
0.042329 0.154515 0.080233 0.261940 
0.103397 0.129887 0.766564 0.102206 
0.676077 0.758415 0.960601 0.923978 
0.071535 0.773003 0.964049 0.820673 
0.513840 0.488571 0.371838 0.888943 
0.568987 0.138981 0.185949 0.511856 
0.420209 0.676992 0.540788 0.808405 
0.644917 0.068361 0.945799 0.529832 
0.649648 0.611286 0.452223 0.185095 
0.419996 0.312449 0.649770 0.675497 
0.740806 0.851192 0.899625 0.220679 
0.543382 0.162267 0.710044 0.856807 
0.536180 0.169866 0.660909 0.288217 
0.774590 0.702383 0.783135 0.373913 
0.326670 0.120548 0.799432 0.029969 
0.690725 0.689810 0.132939 0.829402 
0.121036 0.227638 0.089389 0.080081 
0.518357 0.058016 0.119388 0.663289 
0.040529 0.803339 0.567034 0.412122 
0.090701 0.045747 0.811365 0.313334 
0.838282 0.388867 0.206091 0.311808 
0.929563 0.950987 0.725150 0.000153 
0.543931 0.821131 0.718772 0.974609 
0.452284 0.509690 0.687765 0.137333 
0.233161 0.923856 0.481368 0.728446 
0.303964 0.900021 0.825129 0.366588 
0.922239 0.824122 0.585253 0.881436 
0.814386 0.370922 0.675436 0.217902 
0.587390 0.893857 0.012482 0.194311 
0.580004 0.496292 0.427320 0.394818 
0.309580 0.316019 0.936735 0.978362 
0.171056 0.053591 0.283273 0.684469 
0.543870 0.276223 0.148778 0.817866 
0.963622 0.528123 0.947874 0.492691 
0.514023 0.779046 0.607776 0.917814 
0.096438 0.241585 0.240974 0.004303 
0.731986 0.089328 0.116489 0.076601 
0.553331 0.106174 0.836177 0.968291 
0.642415 0.798853 0.122501 0.283761 
0.369762 0.003479 0.123875 0.107669 
0.392285 0.517502 0.643757 0.942351 
0.965300 0.788324 0.199774 0.155095 
0.725364 0.189764 0.319437 0.716880 
0.600269 0.917722 0.978027 0.512650 
0.001740 0.036103 0.585711 0.005829 
0.958159 0.704733 0.429487 0.537126 
0.342418 0.119480 0.976562 0.039430 
0.852351 0.197424 0.945158 0.450209 
0.898740 0.536576 0.549455 0.602161 
0.058229 0.682791 0.824274 0.873653 
0.246925 0.234291 0.436293 0.380413 
0.270394 0.815577 0.887753 0.989288 
0.907773 0.451247 0.519028 0.935362 
0.184393 0.372204 0.216315 0.324320 
0.990997 0.784021 0.230537 0.300363 
0.704001 0.629810 0.013916 0.161534 
0.964843 0.878628 0.480392 0.203742 
0.273049 0.369976 0.595996 0.574297 
0.550615 0.746910 0.705649 0.916501 
0.332713 0.507675 0.502609 0.086734 
0.742210 0.708029 0.046541 0.724784 
0.903226 0.345256 0.736930 0.959014 
0.950621 0.954802 0.647420 0.027680 
0.291208 0.451308 0.128330 0.097354 
0.273476 0.745018 0.082369 0.059938 
0.921476 0.164556 0.820856 0.589343 
0.889615 0.217994 0.906125 0.239418 
0.294229 0.722770 0.886380 0.863918 
0.578570 0.835994 0.329691 0.139958 
0.066988 0.016633 0.062807 0.476577 
0.365093 0.450423 0.021363 0.088839 
0.261635 0.968810 0.617695 0.519669 
0.288736 0.993469 0.032319 0.389660 
0.596515 0.537523 0.336009 0.657338 
0.298349 0.794397 0.847438 0.169744 
0.943327 0.345897 0.633961 0.785852 
0.271584 0.520920 0.561052 0.853053 
0.909360 0.935484 0.796869 0.318674 
0.159490 0.745781 0.177862 0.257546 
0.544267 0.645375 0.342570 0.096591 
0.255989 0.137852 0.038545 0.318186 
0.172399 0.116031 0.509903 0.923032 
0.592486 0.278970 0.370739 0.434309 
0.349559 0.418287 0.871639 0.723930 
0.457259 0.104831 0.964537 0.442366 
0.945189 0.807062 0.072970 0.333201 
0.040101 0.971923 0.973571 0.213691 
0.349315 0.100436 0.694876 0.902707 
0.201880 0.348399 0.840571 0.877010 
0.804712 0.683584 0.242134 0.937437 
0.368969 0.131016 0.348308 0.666097 
0.863765 0.137455 0.256813 0.955718 
0.552812 0.586108 0.795251 0.392590 
0.970641 0.492965 0.556566 0.774316 
0.494491 0.916227 0.296396 0.543474 
0.168188 0.109653 0.597674 0.418653 
0.934263 0.451491 0.209082 0.003815 
0.930174 0.179815 0.963683 0.657857 
0.005921 0.465987 0.683706 0.404462 
0.118015 0.857204 0.978301 0.165044 
0.756737 0.619190 0.339549 0.094546 
0.063082 0.010987 0.444075 0.302408 
0.791437 0.022279 0.065554 0.739341 
0.773675 0.604907 0.505295 0.531388 
0.042146 0.929807 0.946135 0.542711 
0.266823 0.700705 0.636616 0.447798 
0.662862 0.055635 0.311747 0.094974 
0.025636 0.087436 0.756005 0.442030 
0.048738 0.514908 0.915128 0.845393 
0.581256 0.535295 0.463301 0.984161 
0.980987 0.389996 0.231513 0.199927 
0.219611 0.674276 0.403363 0.534165 
0.896054 0.922208 0.884915 0.243843 
0.813929 0.498428 0.754387 0.077029 
0.280374 0.327921 0.198523 0.089389 
0.053829,
0.053827,
0.053827,
0.053825,
0.053825,
0.053823,
0.053823,
0.053821,
0.053821,
0.053819,
0.053819,
0.053817,
0.053817,
0.053815,
0.053815,
0.053813,
0.053813,
0.053811,
0.053811,
0.053809,
0.053809,
0.053807,
0.053807,
0.053805,
0.053805,
0.053803,
0.053803,
0.053801,
0.053801,
0.053799,
0.053799,
0.053797,
0.053797,
0.053795,
0.053795,
0.053794,
0.053794,
0.053792,
0.053792,
0.053790,
0.053790,
0.053788,
0.053788,
0.053786,
0.053786,
0.053784,
0.053784,
0.053782,
0.053782,
0.053780,
0.053780,
0.053778,
0.053778,
0.053776,
0.053776,
0.053774,
0.053774,
0.053772,
0.053772,
0.053770,
0.053770,
0.053768,
0.053768,
0.053766,
0.053766,
0.053764,
0.053764,
0.053762,
0.053762,
0.053760,
0.053760,
0.053758,
0.053758,
0.053756,
0.053756,
0.053754,
0.053754,
0.053752,
0.053752,
0.053750,
0.053750,
0.053748,
0.053748,
0.053746,
0.053746,
0.053744,
0.053744,
0.053742,
0.053742,
0.053740,
0.053740,
0.053738,
0.053738,
0.053736,
0.053736,
0.053735,
0.053735,
0.053733,
0.053733,
0.053731,
0.053731,
0.053729,
0.053729,
0.053727,
0.053727,
0.053725,
0.053725,
0.053723,
0.053723,
0.053721,
0.053721,
0.053719,
0.053719,
0.053717,
0.053717,
0.053715,
0.053715,
0.053713,
0.053713,
0.053711,
0.053711,
0.053709,
0.053709,
0.053707,
0.053707,
0.053705,
0.053705,
0.053703,
0.053703,
0.053701,
0.053701,
0.053699,
0.053699,
0.053697,
0.053697,
0.053695,
0.053695,
0.053694,
0.053694,
0.053692,
0.053692,
0.053690,
0.053690,
0.053688,
0.053688,
0.053686,
0.053686,
0.053684,
0.053684,
0.053682,
0.053682,
0.053680,
0.053680,
0.053678,
0.053678,
0.053676,
0.053676,
0.053674,
0.053674,
0.053672,
0.053672,
0.053670,
0.053670,
0.053668,
0.053668,
0.053666,
0.053666,
0.053664,
0.053664,
0.053662,
0.053662,
0.053661,
0.053661,
0.053659,
0.053659,
0.053657,
0.053657,
0.053655,
0.053655,
0.053653,
0.053653,
0.053651,
0.053651,
0.053649,
0.053649,
0.053647,
0.053647,
0.053645,
0.053645,
0.053643,
0.053643,
0.053641,
0.053641,
0.053639,
0.053639,
0.053637,
0.053637,
0.053635,
0.053635,
0.053633,
0.053633,
0.053632,
0.053632,
0.053630,
0.053630,
0.053628,
0.053628,
0.053626,
0.053626,
0.053624,
0.053624,
0.053622,
0.053622,
0.053620,
0.053620,
0.053618,
0.053618,
0.053616,
0.053616,
0.053614,
0.053614,
0.053612,
0.053612,
0.053610,
0.053610,
0.053608,
0.053608,
0.053607,
0.053607,
0.053605,
0.053605,
0.053603,
0.053603,
0.053601,
0.053601,
0.053599,
0.053599,
0.053597,
0.053597,
0.053595,
0.053595,
0.053593,
0.053593,
0.053591,
0.053591,
0.053589,
0.053589,
0.053587,
0.053587,
0.053585,
0.053585,
0.053584,
0.053584,
0.053582,
0.053582,
0.053580,
0.053580,
0.053578,
0.053578,
0.053576,
0.053576,
0.053574,
0.053574,
0.053572,
0.053572,
0.053570,
0.053570,
0.053568,
0.053568,
0.053566,
0.053566,
0.053564,
0.053564,
0.053562,
0.053562,
0.053561,
0.053561,
0.053559,
0.053559,
0.053557,
0.053557,
0.053555,
0.053555,
0.053553,
0.053553,
0.053551,
0.053551,
0.053549,
0.053549,
0.053547,
0.053547,
0.053545,
0.053545,
0.053543,
0.053543,
0.053542,
0.053542,
0.053540,
0.053540,
0.053538,
0.053538,
0.053536,
0.053536,
0.053534,
0.053534,
0.053532,
0.053532,
0.053530,
0.053530,
0.053528,
0.053528,
0.053526,
0.053526,
0.053524,
0.053524,
0.053522,
0.053522,
0.053521,
0.053521,
0.053519,
0.053519,
0.053517,
0.053517,
0.053515,
0.053515,
0.053513,
0.053513,
0.053511,
0.053511,
0.053509,
0.053509,
0.053507,
0.053507,
0.053505,
0.053505,
0.053504,
0.053504,
0.053502,
0.053502,
0.053500,
0.053500,
0.053498,
0.053498,
0.053496,
0.053496,
0.053494,
0.053494,
0.053492,
0.053492,
0.053490,
0.053490,
0.053488,
0.053488,
0.053487,
0.053487,
0.053485,
0.053485,
0.053483,
0.053483,
0.053481,
0.053481,
0.053479,
0.053479,
0.053477,
0.053477,
0.053475,
0.053475,
0.053473,
0.053473,
0.053471,
0.053471,
0.053470,
0.053470,
0.053468,
0.053468,
0.053466,
0.053466,
0.053464,
0.053464,
0.053462,
0.053462,
0.053460,
0.053460,
0.053458,
0.053458,
0.053456,
0.053456,
0.053455,
0.053455,
0.053453,
0.053453,
0.053451,
0.053451,
0.053449,
0.053449,
0.053447,
0.053447,
0.053445,
0.053445,
0.053443,
0.053443,
0.053441,
0.053441,
0.053439,
0.053439,
0.053438,
0.053438,
0.053436,
0.053436,
0.053434,
0.053434,
0.053432,
0.053432,
0.053430,
0.053430,
0.053428,
0.053428,
0.053426,
0.053426,
0.053425,
0.053425,
0.053423,
0.053423,
0.053421,
0.053421,
0.053419,
0.053419,
0.053417,
0.053417,
0.053415,
0.053415,
0.053413,
0.053413,
0.053411,
0.053411,
0.053410,
0.053410,
0.053408,
0.053408,
0.053406,
0.053406,
0.053404,
0.053404,
0.053402,
0.053402,
0.053400,
0.053400,
0.053398,
0.053398,
0.053397,
0.053397,
0.053395,
0.053395,
0.053393,
0.053393,
0.053391,
0.053391,
0.053389,
0.053389,
0.053387,
0.053387,
0.053385,
0.053385,
0.053383,
0.053383,
0.053382,
0.053382,
0.053380,
0.053380,
0.053378,
0.053378,
0.053376,
0.053376,
0.053374,
0.053374,
0.053372,
0.053372,
0.053370,
0.053370,
0.053369,
0.053369,
0.053367,
0.053367,
0.053365,
0.053365,
0.053363,
0.053363,
0.053361,
0.053361,
0.053359,
0.053359,
0.053357,
0.053357,
0.053356,
0.053356,
0.053354,
0.053354,
0.053352,
0.053352,
0.053350,
0.053350,
0.053348,
0.053348,
0.053346,
0.053346,
0.053345,
0.053345,
0.053343,
0.053343,
0.053341,
0.053341,
0.053339,
0.053339,
0.053337,
0.053337,
0.053335,
0.053335,
0.053333,
0.053333,
0.053332,
0.053332,
0.053330,
0.053330,
0.053328,
0.053328,
0.053326,
0.053326,
0.053324,
0.053324,
0.053322,
0.053322,
0.053321,
0.053321,
0.053319,
0.053319,
0.053317,
0.053317,
0.053315,
0.053315,
0.053313,
0.053313,
0.053311,
0.053311,
0.053310,
0.053310,
0.053308,
0.053308,
0.053306,
0.053306,
0.053304,
0.053304,
0.053302,
0.053302,
0.053300,
0.053300,
0.053298,
0.053298,
0.053297,
0.053297,
0.053295,
0.053295,
0.053293,
0.053293,
0.053291,
0.053291,
0.053289,
0.053289,
0.053287,
0.053287,
0.053286,
0.053286,
0.053284,
0.053284,
0.053282,
0.053282,
0.053280,
0.053280,
0.053278,
0.053278,
0.053276,
0.053276,
0.053275,
0.053275,
0.053273,
0.053273,
0.053271,
0.053271,
0.053269,
0.053269,
0.053267,
0.053267,
0.053266,
0.053266,
0.053264,
0.053264,
0.053262,
0.053262,
0.053260,
0.053260,
0.053258,
0.053258,
0.053256,
0.053256,
0.053255,
0.053255,
0.053253,
0.053253,
0.053251,
0.053251,
0.053249,
0.053249,
0.053247,
0.053247,
0.053245,
0.053245,
0.053244,
0.053244,
0.053242,
0.053242,
0.053240,
0.053240,
0.053238,
0.053238,
0.053236,
0.053236,
0.053235,
0.053235,
0.053233,
0.053233,
0.053231,
0.053231,
0.053229,
0.053229,
0.053227,
0.053227,
0.053225,
0.053225,
0.053224,
0.053224,
0.053222,
0.053222,
0.053220,
0.053220,
0.053218,
0.053218,
0.053216,
0.053216,
0.053215,
0.053215,
0.053213,
0.053213,
0.053211,
0.053211,
0.053209,
0.053209,
0.053207,
0.053207,
0.053206,
0.053206,
0.053204,
0.053204,
0.053202,
0.053202,
0.053200,
0.053200,
0.053198,
0.053198,
0.053196,
0.053196,
0.053195,
0.053195,
0.053193,
0.053193,
0.053191,
0.053191,
0.053189,
0.053189,
0.053187,
0.053187,
0.053186,
0.053186,
0.053184,
0.053184,
0.053182,
0.053182,
0.053180,
0.053180,
0.053178,
0.053178,
0.053177,
0.053177,
0.053175,
0.053175,
0.053173,
0.053173,
0.053171,
0.053171,
0.053169,
0.053169,
0.053168,
0.053168,
0.053166,
0.053166,
0.053164,
0.053164,
0.053162,
0.053162,
0.053160,
0.053160,
0.053159,
0.053159,
0.053157,
0.053157,
0.053155,
0.053155,
0.053153,
0.053153,
0.053151,
0.053151,
0.053150,
0.053150,
0.053148,
0.053148,
0.053146,
0.053146,
0.053144,
0.053144,
0.053142,
0.053142,
0.053141,
0.053141,
0.053139,
0.053139,
0.053137,
0.053137,
0.053135,
0.053135,
0.053134,
0.053134,
0.053132,
0.053132,
0.053130,
0.053130,
0.053128,
0.053128,
0.053126,
0.053126,
0.053125,
0.053125,
0.053123,
0.053123,
0.053121,
0.053121,
0.053119,
0.053119,
0.053117,
0.053117,
0.053116,
0.053116,
0.053114,
0.053114,
0.053112,
0.053112,
0.053110,
0.053110,
0.053109,
0.053109,
0.053107,
0.053107,
0.053105,
0.053105,
0.053103,
0.053103,
0.053101,
0.053101,
0.053100,
0.053100,
0.053098,
0.053098,
0.053096,
0.053096,
0.053094,
0.053094,
0.053092,
0.053092,
0.053091,
0.053091,
0.053089,
0.053089,
0.053087,
0.053087,
0.053085,
0.053085,
0.053084,
0.053084,
0.053082,
0.053082,
0.053080,
0.053080,
0.053078,
0.053078,
0.053076,
0.053076,
0.053075,
0.053075,
0.053073,
0.053073,
0.053071,
0.053071,
0.053069,
0.053069,
0.053068,
0.053068,
0.053066,
0.053066,
0.053064,
0.053064,
0.053062,
0.053062,
0.053061,
0.053061,
0.053059,
0.053059,
0.053057,
0.053057,
0.053055,
0.053055,
0.053053,
0.053053,
0.053052,
0.053052,
0.053050,
0.053050,
0.053048,
0.053048,
0.053046,
0.053046,
0.053045,
0.053045,
0.053043,
0.053043,
0.053041,
0.053041,
0.053039,
0.053039,
0.053038,
0.053038,
0.053036,
0.053036,
0.053034,
0.053034,
0.053032,
0.053032,
0.053031,
0.053031,
0.053029,
0.053029,
0.053027,
0.053027,
0.053025,
0.053025,
0.053023,
0.053023,
0.053022,
0.053022,
0.053020,
0.053020,
0.053018,
0.053018,
0.053016,
0.053016,
0.053015,
0.053015,
0.053013,
0.053013,
0.053011,
0.053011,
0.053009,
0.053009,
0.053008,
0.053008,
0.053006,
0.053006,
0.053004,
0.053004,
0.053002,
0.053002,
0.053001,
0.053001,
0.052999,
0.052999,
0.052997,
0.052997,
0.052995,
0.052995,
0.052994,
0.052994,
0.052992,
0.052992,
0.052990,
0.052990,
0.052988,
0.052988,
0.052987,
0.052987,
0.052985,
0.052985,
0.052983,
0.052983,
0.052981,
0.052981,
0.052980,
0.052980,
0.052978,
0.052978,
0.052976,
0.052976,
0.052974,
0.052974,
0.052973,
0.052973,
0.052971,
0.052971,
0.052969,
0.052969,
0.052967,
0.052967,
0.052966,
0.052966,
0.052964,
0.052964,
0.052962,
0.052962,
0.052960,
0.052960,
0.052959,
0.052959,
0.052957,
0.052957,
0.052955,
0.052955,
0.052953,
0.052953,
0.052952,
0.052952,
0.052950,
0.052950,
0.052948,
0.052948,
0.052947,
0.052947,
0.052945,
0.052945,
0.052943,
0.052943,
0.052941,
0.052941,
0.052940,
0.052940,
0.052938,
0.052938,
0.052936,
0.052936,
0.052934,
0.052934,
0.052933,
0.052933,
0.052931,
0.052931,
0.052929,
0.052929,
0.052927,
0.052927,
0.052926,
0.052926,
0.052924,
0.052924,
0.052922,
0.052922,
0.052921,
0.052921,
0.052919,
0.052919,
0.052917,
0.052917,
0.052915,
0.052915,
0.052914,
0.052914,
0.052912,
0.052912,
0.052910,
0.052910,
0.052908,
0.052908,
0.052907,
0.052907,
0.052905,
0.052905,
0.052903,
0.052903,
0.052901,
0.052901,
0.052900,
0.052900,
0.052898,
0.052898,
0.052896,
0.052896,
0.052895,
0.052895,
0.052893,
0.052893,
0.052891,
0.052891,
0.052889,
0.052889,
0.052888,
0.052888,
0.052886,
0.052886,
0.052884,
0.052884,
0.052883,
0.052883,
0.052881,
0.052881,
0.052879,
0.052879,
0.052877,
0.052877,
0.052876,
0.052876,
0.052874,
0.052874,
0.052872,
0.052872,
0.052870,
0.052870,
0.052869,
0.052869,
0.052867,
0.052867,
0.052865,
0.052865,
0.052864,
0.052864,
0.052862,
0.052862,
0.052860,
0.052860,
0.052858,
0.052858,
0.052857,
0.052857,
0.052855,
0.052855,
0.052853,
0.052853,
0.052852,
0.052852,
0.052850,
0.052850,
0.052848,
0.052848,
0.052846,
0.052846,
0.052845,
0.052845,
0.052843,
0.052843,
0.052841,
0.052841,
0.052840,
0.052840,
0.052838,
0.052838,
0.052836,
0.052836,
0.052835,
0.052835,
0.052833,
0.052833,
0.052831,
0.052831,
0.052829,
0.052829,
0.052828,
0.052828,
0.052826,
0.052826,
0.052824,
0.052824,
0.052823,
0.052823,
0.052821,
0.052821,
0.052819,
0.052819,
0.052817,
0.052817,
0.052816,
0.052816,
0.052814,
0.052814,
0.052812,
0.052812,
0.052811,
0.052811,
0.052809,
0.052809,
0.052807,
0.052807,
0.052806,
0.052806,
0.052804,
0.052804,
0.052802,
0.052802,
0.052800,
0.052800,
0.052799,
0.052799,
0.052797,
0.052797,
0.052795,
0.052795,
0.052794,
0.052794,
0.052792,
0.052792,
0.052790,
0.052790,
0.052789,
0.052789,
0.052787,
0.052787,
0.052785,
0.052785,
0.052784,
0.052784,
0.052782,
0.052782,
0.052780,
0.052780,
0.052778,
0.052778,
0.052777,
0.052777,
0.052775,
0.052775,
0.052773,
0.052773,
0.052772,
0.052772,
0.052770,
0.052770,
0.052768,
0.052768,
0.052767,
0.052767,
0.052765,
0.052765,
0.052763,
0.052763,
0.052762,
0.052762,
0.052760,
0.052760,
0.052758,
0.052758,
0.052756,
0.052756,
0.052755,
0.052755,
0.052753,
0.052753,
0.052751,
0.052751,
0.052750,
0.052750,
0.052748,
0.052748,
0.052746,
0.052746,
0.052745,
0.052745,
0.052743,
0.052743,
0.052741,
0.052741,
0.052740,
0.052740,
0.052738,
0.052738,
0.052736,
0.052736,
0.052735,
0.052735,
0.052733,
0.052733,
0.052731,
0.052731,
0.052730,
0.052730,
0.052728,
0.052728,
0.052726,
0.052726,
0.052725,
0.052725,
0.052723,
0.052723,
0.052721,
0.052721,
0.052719,
0.052719,
0.052718,
0.052718,
0.052716,
0.052716,
0.052714,
0.052714,
0.052713,
0.052713,
0.052711,
0.052711,
0.052709,
0.052709,
0.052708,
0.052708,
0.052706,
0.052706,
0.052704,
0.052704,
0.052703,
0.052703,
0.052701,
0.052701,
0.052699,
0.052699,
0.052698,
0.052698,
0.052696,
0.052696,
0.052694,
0.052694,
0.052693,
0.052693,
0.052691,
0.052691,
0.052689,
0.052689,
0.052688,
0.052688,
0.052686,
0.052686,
0.052684,
0.052684,
0.052683,
0.052683,
0.052681,
0.052681,
0.052679,
0.052679,
0.052678,
0.052678,
0.052676,
0.052676,
0.052674,
0.052674,
0.052673,
0.052673,
0.052671,
0.052671,
0.052669,
0.052669,
0.052668,
0.052668,
0.052666,
0.052666,
0.052664,
0.052664,
0.052663,
0.052663,
0.052661,
0.052661,
0.052659,
0.052659,
0.052658,
0.052658,
0.052656,
0.052656,
0.052654,
0.052654,
0.052653,
0.052653,
0.052651,
0.052651,
0.052649,
0.052649,
0.052648,
0.052648,
0.052646,
0.052646,
0.052644,
0.052644,
0.052643,
0.052643,
0.052641,
0.052641,
0.052640,
0.052640,
0.052638,
0.052638,
0.052636,
0.052636,
0.052635,
0.052635,
0.052633,
0.052633,
0.052631,
0.052631,
0.052630,
0.052630,
0.052628,
0.052628,
0.052626,
0.052626,
0.052625,
0.052625,
0.052623,
0.052623,
0.052621,
0.052621,
0.052620,
0.052620,
0.052618,
0.052618,
0.052616,
0.052616,
0.052615,
0.052615,
0.052613,
0.052613,
0.052611,
0.052611,
0.052610,
0.052610,
0.052608,
0.052608,
0.052607,
0.052607,
0.052605,
0.052605,
0.052603,
0.052603,
0.052602,
0.052602,
0.052600,
0.052600,
0.052598,
0.052598,
0.052597,
0.052597,
0.052595,
0.052595,
0.052593,
0.052593,
0.052592,
0.052592,
0.052590,
0.052590,
0.052588,
0.052588,
0.052587,
0.052587,
0.052585,
0.052585,
0.052584,
0.052584,
0.052582,
0.052582,
0.052580,
0.052580,
0.052579,
0.052579,
0.052577,
0.052577,
0.052575,
0.052575,
0.052574,
0.052574,
0.052572,
0.052572,
0.052570,
0.052570,
0.052569,
0.052569,
0.052567,
0.052567,
0.052566,
0.052566,
0.052564,
0.052564,
0.052562,
0.052562,
0.052561,
0.052561,
0.052559,
0.052559,
0.052557,
0.052557,
0.052556,
0.052556,
0.052554,
0.052554,
0.052552,
0.052552,
0.052551,
0.052551,
0.052549,
0.052549,
0.052548,
0.052548,
0.052546,
0.052546,
0.052544,
0.052544,
0.052543,
0.052543,
0.052541,
0.052541,
0.052539,
0.052539,
0.052538,
0.052538,
0.052536,
0.052536,
0.052535,
0.052535,
0.052533,
0.052533,
0.052531,
0.052531,
0.052530,
0.052530,
0.052528,
0.052528,
0.052526,
0.052526,
0.052525,
0.052525,
0.052523,
0.052523,
0.052522,
0.052522,
0.052520,
0.052520,
0.052518,
0.052518,
0.052517,
0.052517,
0.052515,
0.052515,
0.052513,
0.052513,
0.052512,
0.052512,
0.052510,
0.052510,
0.052509,
0.052509,
0.052507,
0.052507,
0.052505,
0.052505,
0.052504,
0.052504,
0.052502,
0.052502,
0.052501,
0.052501,
0.052499,
0.052499,
0.052497,
0.052497,
0.052496,
0.052496,
0.052494,
0.052494,
0.052492,
0.052492,
0.052491,
0.052491,
0.052489,
0.052489,
0.052488,
0.052488,
0.052486,
0.052486,
0.052484,
0.052484,
0.052483,
0.052483,
0.052481,
0.052481,
0.052480,
0.052480,
0.052478,
0.052478,
0.052476,
0.052476,
0.052475,
0.052475,
0.052473,
0.052473,
0.052471,
0.052471,
0.052470,
0.052470,
0.052468,
0.052468,
0.052467,
0.052467,
0.052465,
0.052465,
0.052463,
0.052463,
0.052462,
0.052462,
0.052460,
0.052460,
0.052459,
0.052459,
0.052457,
0.052457,
0.052455,
0.052455,
0.052454,
0.052454,
0.052452,
0.052452,
0.052451,
0.052451,
0.052449,
0.052449,
0.052447,
0.052447,
0.052446,
0.052446,
0.052444,
0.052444,
0.052443,
0.052443,
0.052441,
0.052441,
0.052439,
0.052439,
0.052438,
0.052438,
0.052436,
0.052436,
0.052435,
0.052435,
0.052433,
0.052433,
0.052431,
0.052431,
0.052430,
0.052430,
0.052428,
0.052428,
0.052427,
0.052427,
0.052425,
0.052425,
0.052423,
0.052423,
0.052422,
0.052422,
0.052420,
0.052420,
0.052419,
0.052419,
0.052417,
0.052417,
0.052415,
0.052415,
0.052414,
0.052414,
0.052412,
0.052412,
0.052411,
0.052411,
0.052409,
0.052409,
0.052407,
0.052407,
0.052406,
0.052406,
0.052404,
0.052404,
0.052403,
0.052403,
0.052401,
0.052401,
0.052400,
0.052400,
0.052398,
0.052398,
0.052396,
0.052396,
0.052395,
0.052395,
0.052393,
0.052393,
0.052392,
0.052392,
0.052390,
0.052390,
0.052388,
0.052388,
0.052387,
0.052387,
0.052385,
0.052385,
0.052384,
0.052384,
0.052382,
0.052382,
0.052380,
0.052380,
0.052379,
0.052379,
0.052377,
0.052377,
0.052376,
0.052376,
0.052374,
0.052374,
0.052373,
0.052373,
0.052371,
0.052371,
0.052369,
0.052369,
0.052368,
0.052368,
0.052366,
0.052366,
0.052365,
0.052365,
0.052363,
0.052363,
0.052361,
0.052361,
0.052360,
0.052360,
0.052358,
0.052358,
0.052357,
0.052357,
0.052355,
0.052355,
0.052354,
0.052354,
0.052352,
0.052352,
0.052350,
0.052350,
0.052349,
0.052349,
0.052347,
0.052347,
0.052346,
0.052346,
0.052344,
0.052344,
0.052343,
0.052343,
0.052341,
0.052341,
0.052339,
0.052339,
0.052338,
0.052338,
0.052336,
0.052336,
0.052335,
0.052335,
0.052333,
0.052333,
0.052332,
0.052332,
0.052330,
0.052330,
0.052328,
0.052328,
0.052327,
0.052327,
0.052325,
0.052325,
0.052324,
0.052324,
0.052322,
0.052322,
0.052321,
0.052321,
0.052319,
0.052319,
0.052317,
0.052317,
0.052316,
0.052316,
0.052314,
0.052314,
0.052313,
0.052313,
0.052311,
0.052311,
0.052310,
0.052310,
0.052308,
0.052308,
0.052306,
0.052306,
0.052305,
0.052305,
0.052303,
0.052303,
0.052302,
0.052302,
0.052300,
0.052300,
0.052299,
0.052299,
0.052297,
0.052297,
0.052296,
0.052296,
0.052294,
0.052294,
0.052292,
0.052292,
0.052291,
0.052291,
0.052289,
0.052289,
0.052288,
0.052288,
0.052286,
0.052286,
0.052285,
0.052285,
0.052283,
0.052283,
0.052281,
0.052281,
0.052280,
0.052280,
0.052278,
0.052278,
0.052277,
0.052277,
0.052275,
0.052275,
0.052274,
0.052274,
0.052272,
0.052272,
0.052271,
0.052271,
0.052269,
0.052269,
0.052267,
0.052267,
0.052266,
0.052266,
0.052264,
0.052264,
0.052263,
0.052263,
0.052261,
0.052261,
0.052260,
0.052260,
0.052258,
0.052258,
0.052257,
0.052257,
0.052255,
0.052255,
0.052254,
0.052254,
0.052252,
0.052252,
0.052250,
0.052250,
0.052249,
0.052249,
0.052247,
0.052247,
0.052246,
0.052246,
0.052244,
0.052244,
0.052243,
0.052243,
0.052241,
0.052241,
0.052240,
0.052240,
0.052238,
0.052238,
0.052236,
0.052236,
0.052235,
0.052235,
0.052233,
0.052233,
0.052232,
0.052232,
0.052230,
0.052230,
0.052229,
0.052229,
0.052227,
0.052227,
0.052226,
0.052226,
0.052224,
0.052224,
0.052223,
0.052223,
0.052221,
0.052221,
0.052220,
0.052220,
0.052218,
0.052218,
0.052216,
0.052216,
0.052215,
0.052215,
0.052213,
0.052213,
0.052212,
0.052212,
0.052210,
0.052210,
0.052209,
0.052209,
0.052207,
0.052207,
0.052206,
0.052206,
0.052204,
0.052204,
0.052203,
0.052203,
0.052201,
0.052201,
0.052200,
0.052200,
0.052198,
0.052198,
0.052196,
0.052196,
0.052195,
0.052195,
0.052193,
0.052193,
0.052192,
0.052192,
0.052190,
0.052190,
0.052189,
0.052189,
0.052187,
0.052187,
0.052186,
0.052186,
0.052184,
0.052184,
0.052183,
0.052183,
0.052181,
0.052181,
0.052180,
0.052180,
0.052178,
0.052178,
0.052177,
0.052177,
0.052175,
0.052175,
0.052173,
0.052173,
0.052172,
0.052172,
0.052170,
0.052170,
0.052169,
0.052169,
0.052167,
0.052167,
0.052166,
0.052166,
0.052164,
0.052164,
0.052163,
0.052163,
0.052161,
0.052161,
0.052160,
0.052160,
0.052158,
0.052158,
0.052157,
0.052157,
0.052155,
0.052155,
0.052154,
0.052154,
0.052152,
0.052152,
0.052151,
0.052151,
0.052149,
0.052149,
0.052148,
0.052148,
0.052146,
0.052146,
0.052145,
0.052145,
0.052143,
0.052143,
0.052141,
0.052141,
0.052140,
0.052140,
0.052138,
0.052138,
0.052137,
0.052137,
0.052135,
0.052135,
0.052134,
0.052134,
0.052132,
0.052132,
0.052131,
0.052131,
0.052129,
0.052129,
0.052128,
0.052128,
0.052126,
0.052126,
0.052125,
0.052125,
0.052123,
0.052123,
0.052122,
0.052122,
0.052120,
0.052120,
0.052119,
0.052119,
0.052117,
0.052117,
0.052116,
0.052116,
0.052114,
0.052114,
0.052113,
0.052113,
0.052111,
0.052111,
0.052110,
0.052110,
0.052108,
0.052108,
0.052107,
0.052107,
0.052105,
0.052105,
0.052104,
0.052104,
0.052102,
0.052102,
0.052101,
0.052101,
0.052099,
0.052099,
0.052098,
0.052098,
0.052096,
0.052096,
0.052095,
0.052095,
0.052093,
0.052093,
0.052092,
0.052092,
0.052090,
0.052090,
0.052089,
0.052089,
0.052087,
0.052087,
0.052085,
0.052085,
0.052084,
0.052084,
0.052082,
0.052082,
0.052081,
0.052081,
0.052079,
0.052079,
0.052078,
0.052078,
0.052076,
0.052076,
0.052075,
0.052075,
0.052073,
0.052073,
0.052072,
0.052072,
0.052070,
0.052070,
0.052069,
0.052069,
0.052067,
0.052067,
0.052066,
0.052066,
0.052064,
0.052064,
0.052063,
0.052063,
0.052061,
0.052061,
0.052060,
0.052060,
0.052058,
0.052058,
0.052057,
0.052057,
0.052055,
0.052055,
0.052054,
0.052054,
0.052052,
0.052052,
0.052051,
0.052051,
0.052049,
0.052049,
0.052048,
0.052048,
0.052046,
0.052046,
0.052045,
0.052045,
0.052044,
0.052044,
0.052042,
0.052042,
0.052041,
0.052041,
0.052039,
0.052039,
0.052038,
0.052038,
0.052036,
0.052036,
0.052035,
0.052035,
0.052033,
0.052033,
0.052032,
0.052032,
0.052030,
0.052030,
0.052029,
0.052029,
0.052027,
0.052027,
0.052026,
0.052026,
0.052024,
0.052024,
0.052023,
0.052023,
0.052021,
0.052021,
0.052020,
0.052020,
0.052018,
0.052018,
0.052017,
0.052017,
0.052015,
0.052015,
0.052014,
0.052014,
0.052012,
0.052012,
0.052011,
0.052011,
0.052009,
0.052009,
0.052008,
0.052008,
0.052006,
0.052006,
0.052005,
0.052005,
0.052003,
0.052003,
0.052002,
0.052002,
0.052000,
0.052000,
0.051999,
0.051999,
0.051997,
0.051997,
0.051996,
0.051996,
0.051994,
0.051994,
0.051993,
0.051993,
0.051991,
0.051991,
0.051990,
0.051990,
0.051989,
0.051989,
0.051987,
0.051987,
0.051986,
0.051986,
0.051984,
0.051984,
0.051983,
0.051983,
0.051981,
0.051981,
0.051980,
0.051980,
0.051978,
0.051978,
0.051977,
0.051977,
0.051975,
0.051975,
0.051974,
0.051974,
0.051972,
0.051972,
0.051971,
0.051971,
0.051969,
0.051969,
0.051968,
0.051968,
0.051966,
0.051966,
0.051965,
0.051965,
0.051963,
0.051963,
0.051962,
0.051962,
0.051960,
0.051960,
0.051959,
0.051959,
0.051958,
0.051958,
0.051956,
0.051956,
0.051955,
0.051955,
0.051953,
0.051953,
0.051952,
0.051952,
0.051950,
0.051950,
0.051949,
0.051949,
0.051947,
0.051947,
0.051946,
0.051946,
0.051944,
0.051944,
0.051943,
0.051943,
0.051941,
0.051941,
0.051940,
0.051940,
0.051938,
0.051938,
0.051937,
0.051937,
0.051936,
0.051936,
0.051934,
0.051934,
0.051933,
0.051933,
0.051931,
0.051931,
0.051930,
0.051930,
0.051928,
0.051928,
0.051927,
0.051927,
0.051925,
0.051925,
0.051924,
0.051924,
0.051922,
0.051922,
0.051921,
0.051921,
0.051919,
0.051919,
0.051918,
0.051918,
0.051916,
0.051916,
0.051915,
0.051915,
0.051914,
0.051914,
0.051912,
0.051912,
0.051911,
0.051911,
0.051909,
0.051909,
0.051908,
0.051908,
0.051906,
0.051906,
0.051905,
0.051905,
0.051903,
0.051903,
0.051902,
0.051902,
0.051900,
0.051900,
0.051899,
0.051899,
0.051898,
0.051898,
0.051896,
0.051896,
0.051895,
0.051895,
0.051893,
0.051893,
0.051892,
0.051892,
0.051890,
0.051890,
0.051889,
0.051889,
0.051887,
0.051887,
0.051886,
0.051886,
0.051884,
0.051884,
0.051883,
0.051883,
0.051882,
0.051882,
0.051880,
0.051880,
0.051879,
0.051879,
0.051877,
0.051877,
0.051876,
0.051876,
0.051874,
0.051874,
0.051873,
0.051873,
0.051871,
0.051871,
0.051870,
0.051870,
0.051869,
0.051869,
0.051867,
0.051867,
0.051866,
0.051866,
0.051864,
0.051864,
0.051863,
0.051863,
0.051861,
0.051861,
0.051860,
0.051860,
0.051858,
0.051858,
0.051857,
0.051857,
0.051856,
0.051856,
0.051854,
0.051854,
0.051853,
0.051853,
0.051851,
0.051851,
0.051850,
0.051850,
0.051848,
0.051848,
0.051847,
0.051847,
0.051845,
0.051845,
0.051844,
0.051844,
0.051843,
0.051843,
0.051841,
0.051841,
0.051840,
0.051840,
0.051838,
0.051838,
0.051837,
0.051837,
0.051835,
0.051835,
0.051834,
0.051834,
0.051832,
0.051832,
0.051831,
0.051831,
0.051830,
0.051830,
0.051828,
0.051828,
0.051827,
0.051827,
0.051825,
0.051825,
0.051824,
0.051824,
0.051822,
0.051822,
0.051821,
0.051821,
0.051820,
0.051820,
0.051818,
0.051818,
0.051817,
0.051817,
0.051815,
0.051815,
0.051814,
0.051814,
0.051812,
0.051812,
0.051811,
0.051811,
0.051810,
0.051810,
0.051808,
0.051808,
0.051807,
0.051807,
0.051805,
0.051805,
0.051804,
0.051804,
0.051802,
0.051802,
0.051801,
0.051801,
0.051799,
0.051799,
0.051798,
0.051798,
0.051797,
0.051797,
0.051795,
0.051795,
0.051794,
0.051794,
0.051792,
0.051792,
0.051791,
0.051791,
0.051789,
0.051789,
0.051788,
0.051788,
0.051787,
0.051787,
0.051785,
0.051785,
0.051784,
0.051784,
0.051782,
0.051782,
0.051781,
0.051781,
0.051780,
0.051780,
0.051778,
0.051778,
0.051777,
0.051777,
0.051775,
0.051775,
0.051774,
0.051774,
0.051772,
0.051772,
0.051771,
0.051771,
0.051770,
0.051770,
0.051768,
0.051768,
0.051767,
0.051767,
0.051765,
0.051765,
0.051764,
0.051764,
0.051762,
0.051762,
0.051761,
0.051761,
0.051760,
0.051760,
0.051758,
0.051758,
0.051757,
0.051757,
0.051755,
0.051755,
0.051754,
0.051754,
0.051753,
0.051753,
0.051751,
0.051751,
0.051750,
0.051750,
0.051748,
0.051748,
0.051747,
0.051747,
0.051745,
0.051745,
0.051744,
0.051744,
0.051743,
0.051743,
0.051741,
0.051741,
0.051740,
0.051740,
0.051738,
0.051738,
0.051737,
0.051737,
0.051736,
0.051736,
0.051734,
0.051734,
0.051733,
0.051733,
0.051731,
0.051731,
0.051730,
0.051730,
0.051729,
0.051729,
0.051727,
0.051727,
0.051726,
0.051726,
0.051724,
0.051724,
0.051723,
0.051723,
0.051721,
0.051721,
0.051720,
0.051720,
0.051719,
0.051719,
0.051717,
0.051717,
0.051716,
0.051716,
0.051714,
0.051714,
0.051713,
0.051713,
0.051712,
0.051712,
0.051710,
0.051710,
0.051709,
0.051709,
0.051707,
0.051707,
0.051706,
0.051706,
0.051705,
0.051705,
0.051703,
0.051703,
0.051702,
0.051702,
0.051700,
0.051700,
0.051699,
0.051699,
0.051698,
0.051698,
0.051696,
0.051696,
0.051695,
0.051695,
0.051693,
0.051693,
0.051692,
0.051692,
0.051691,
0.051691,
0.051689,
0.051689,
0.051688,
0.051688,
0.051686,
0.051686,
0.051685,
0.051685,
0.051684,
0.051684,
0.051682,
0.051682,
0.051681,
0.051681,
0.051679,
0.051679,
0.051678,
0.051678,
0.051677,
0.051677,
0.051675,
0.051675,
0.051674,
0.051674,
0.051672,
0.051672,
0.051671,
0.051671,
0.051670,
0.051670,
0.051668,
0.051668,
0.051667,
0.051667,
0.051665,
0.051665,
0.051664,
0.051664,
0.051663,
0.051663,
0.051661,
0.051661,
0.051660,
0.051660,
0.051658,
0.051658,
0.051657,
0.051657,
0.051656,
0.051656,
0.051654,
0.051654,
0.051653,
0.051653,
0.051652,
0.051652,
0.051650,
0.051650,
0.051649,
0.051649,
0.051647,
0.051647,
0.051646,
0.051646,
0.051645,
0.051645,
0.051643,
0.051643,
0.051642,
0.051642,
0.051640,
0.051640,
0.051639,
0.051639,
0.051638,
0.051638,
0.051636,
0.051636,
0.051635,
0.051635,
0.051633,
0.051633,
0.051632,
0.051632,
0.051631,
0.051631,
0.051629,
0.051629,
0.051628,
0.051628,
0.051627,
0.051627,
0.051625,
0.051625,
0.051624,
0.051624,
0.051622,
0.051622,
0.051621,
0.051621,
0.051620,
0.051620,
0.051618,
0.051618,
0.051617,
0.051617,
0.051615,
0.051615,
0.051614,
0.051614,
0.051613,
0.051613,
0.051611,
0.051611,
0.051610,
0.051610,
0.051609,
0.051609,
0.051607,
0.051607,
0.051606,
0.051606,
0.051604,
0.051604,
0.051603,
0.051603,
0.051602,
0.051602,
0.051600,
0.051600,
0.051599,
0.051599,
0.051598,
0.051598,
0.051596,
0.051596,
0.051595,
0.051595,
0.051593,
0.051593,
0.051592,
0.051592,
0.051591,
0.051591,
0.051589,
0.051589,
0.051588,
0.051588,
0.051587,
0.051587,
0.051585,
0.051585,
0.051584,
0.051584,
0.051582,
0.051582,
0.051581,
0.051581,
0.051580,
0.051580,
0.051578,
0.051578,
0.051577,
0.051577,
0.051576,
0.051576,
0.051574,
0.051574,
0.051573,
0.051573,
0.051572,
0.051572,
0.051570,
0.051570,
0.051569,
0.051569,
0.051567,
0.051567,
0.051566,
0.051566,
0.051565,
0.051565,
0.051563,
0.051563,
0.051562,
0.051562,
0.051561,
0.051561,
0.051559,
0.051559,
0.051558,
0.051558,
0.051556,
0.051556,
0.051555,
0.051555,
0.051554,
0.051554,
0.051552,
0.051552,
0.051551,
0.051551,
0.051550,
0.051550,
0.051548,
0.051548,
0.051547,
0.051547,
0.051546,
0.051546,
0.051544,
0.051544,
0.051543,
0.051543,
0.051541,
0.051541,
0.051540,
0.051540,
0.051539,
0.051539,
0.051537,
0.051537,
0.051536,
0.051536,
0.051535,
0.051535,
0.051533,
0.051533,
0.051532,
0.051532,
0.051531,
0.051531,
0.051529,
0.051529,
0.051528,
0.051528,
0.051527,
0.051527,
0.051525,
0.051525,
0.051524,
0.051524,
0.051522,
0.051522,
0.051521,
0.051521,
0.051520,
0.051520,
0.051518,
0.051518,
0.051517,
0.051517,
0.051516,
0.051516,
0.051514,
0.051514,
0.051513,
0.051513,
0.051512,
0.051512,
0.051510,
0.051510,
0.051509,
0.051509,
0.051508,
0.051508,
0.051506,
0.051506,
0.051505,
0.051505,
0.051504,
0.051504,
0.051502,
0.051502,
0.051501,
0.051501,
0.051499,
0.051499,
0.051498,
0.051498,
0.051497,
0.051497,
0.051495,
0.051495,
0.051494,
0.051494,
0.051493,
0.051493,
0.051491,
0.051491,
0.051490,
0.051490,
0.051489,
0.051489,
0.051487,
0.051487,
0.051486,
0.051486,
0.051485,
0.051485,
0.051483,
0.051483,
0.051482,
0.051482,
0.051481,
0.051481,
0.051479,
0.051479,
0.051478,
0.051478,
0.051477,
0.051477,
0.051475,
0.051475,
0.051474,
0.051474,
0.051473,
0.051473,
0.051471,
0.051471,
0.051470,
0.051470,
0.051469,
0.051469,
0.051467,
0.051467,
0.051466,
0.051466,
0.051464,
0.051464,
0.051463,
0.051463,
0.051462,
0.051462,
0.051460,
0.051460,
0.051459,
0.051459,
0.051458,
0.051458,
0.051456,
0.051456,
0.051455,
0.051455,
0.051454,
0.051454,
0.051452,
0.051452,
0.051451,
0.051451,
0.051450,
0.051450,
0.051448,
0.051448,
0.051447,
0.051447,
0.051446,
0.051446,
0.051444,
0.051444,
0.051443,
0.051443,
0.051442,
0.051442,
0.051440,
0.051440,
0.051439,
0.051439,
0.051438,
0.051438,
0.051436,
0.051436,
0.051435,
0.051435,
0.051434,
0.051434,
0.051432,
0.051432,
0.051431,
0.051431,
0.051430,
0.051430,
0.051428,
0.051428,
0.051427,
0.051427,
0.051426,
0.051426,
0.051424,
0.051424,
0.051423,
0.051423,
0.051422,
0.051422,
0.051420,
0.051420,
0.051419,
0.051419,
0.051418,
0.051418,
0.051416,
0.051416,
0.051415,
0.051415,
0.051414,
0.051414,
0.051412,
0.051412,
0.051411,
0.051411,
0.051410,
0.051410,
0.051408,
0.051408,
0.051407,
0.051407,
0.051406,
0.051406,
0.051405,
0.051405,
0.051403,
0.051403,
0.051402,
0.051402,
0.051401,
0.051401,
0.051399,
0.051399,
0.051398,
0.051398,
0.051397,
0.051397,
0.051395,
0.051395,
0.051394,
0.051394,
0.051393,
0.051393,
0.051391,
0.051391,
0.051390,
0.051390,
0.051389,
0.051389,
0.051387,
0.051387,
0.051386,
0.051386,
0.051385,
0.051385,
0.051383,
0.051383,
0.051382,
0.051382,
0.051381,
0.051381,
0.051379,
0.051379,
0.051378,
0.051378,
0.051377,
0.051377,
0.051375,
0.051375,
0.051374,
0.051374,
0.051373,
0.051373,
0.051371,
0.051371,
0.051370,
0.051370,
0.051369,
0.051369,
0.051368,
0.051368,
0.051366,
0.051366,
0.051365,
0.051365,
0.051364,
0.051364,
0.051362,
0.051362,
0.051361,
0.051361,
0.051360,
0.051360,
0.051358,
0.051358,
0.051357,
0.051357,
0.051356,
0.051356,
0.051354,
0.051354,
0.051353,
0.051353,
0.051352,
0.051352,
0.051350,
0.051350,
0.051349,
0.051349,
0.051348,
0.051348,
0.051347,
0.051347,
0.051345,
0.051345,
0.051344,
0.051344,
0.051343,
0.051343,
0.051341,
0.051341,
0.051340,
0.051340,
0.051339,
0.051339,
0.051337,
0.051337,
0.051336,
0.051336,
0.051335,
0.051335,
0.051333,
0.051333,
0.051332,
0.051332,
0.051331,
0.051331,
0.051330,
0.051330,
0.051328,
0.051328,
0.051327,
0.051327,
0.051326,
0.051326,
0.051324,
0.051324,
0.051323,
0.051323,
0.051322,
0.051322,
0.051320,
0.051320,
0.051319,
0.051319,
0.051318,
0.051318,
0.051316,
0.051316,
0.051315,
0.051315,
0.051314,
0.051314,
0.051313,
0.051313,
0.051311,
0.051311,
0.051310,
0.051310,
0.051309,
0.051309,
0.051307,
0.051307,
0.051306,
0.051306,
0.051305,
0.051305,
0.051303,
0.051303,
0.051302,
0.051302,
0.051301,
0.051301,
0.051300,
0.051300,
0.051298,
0.051298,
0.051297,
0.051297,
0.051296,
0.051296,
0.051294,
0.051294,
0.051293,
0.051293,
0.051292,
0.051292,
0.051291,
0.051291,
0.051289,
0.051289,
0.051288,
0.051288,
0.051287,
0.051287,
0.051285,
0.051285,
0.051284,
0.051284,
0.051283,
0.051283,
0.051281,
0.051281,
0.051280,
0.051280,
0.051279,
0.051279,
0.051278,
0.051278,
0.051276,
0.051276,
0.051275,
0.051275,
0.051274,
0.051274,
0.051272,
0.051272,
0.051271,
0.051271,
0.051270,
0.051270,
0.051269,
0.051269,
0.051267,
0.051267,
0.051266,
0.051266,
0.051265,
0.051265,
0.051263,
0.051263,
0.051262,
0.051262,
0.051261,
0.051261,
0.051260,
0.051260,
0.051258,
0.051258,
0.051257,
0.051257,
0.051256,
0.051256,
0.051254,
0.051254,
0.051253,
0.051253,
0.051252,
0.051252,
0.051251,
0.051251,
0.051249,
0.051249,
0.051248,
0.051248,
0.051247,
0.051247,
0.051245,
0.051245,
0.051244,
0.051244,
0.051243,
0.051243,
0.051242,
0.051242,
0.051240,
0.051240,
0.051239,
0.051239,
0.051238,
0.051238,
0.051236,
0.051236,
0.051235,
0.051235,
0.051234,
0.051234,
0.051233,
0.051233,
0.051231,
0.051231,
0.051230,
0.051230,
0.051229,
0.051229,
0.051227,
0.051227,
0.051226,
0.051226,
0.051225,
0.051225,
0.051224,
0.051224,
0.051222,
0.051222,
0.051221,
0.051221,
0.051220,
0.051220,
0.051219,
0.051219,
0.051217,
0.051217,
0.051216,
0.051216,
0.051215,
0.051215,
0.051213,
0.051213,
0.051212,
0.051212,
0.051211,
0.051211,
0.051210,
0.051210,
0.051208,
0.051208,
0.051207,
0.051207,
0.051206,
0.051206,
0.051204,
0.051204,
0.051203,
0.051203,
0.051202,
0.051202,
0.051201,
0.051201,
0.051199,
0.051199,
0.051198,
0.051198,
0.051197,
0.051197,
0.051196,
0.051196,
0.051194,
0.051194,
0.051193,
0.051193,
0.051192,
0.051192,
0.051190,
0.051190,
0.051189,
0.051189,
0.051188,
0.051188,
0.051187,
0.051187,
0.051185,
0.051185,
0.051184,
0.051184,
0.051183,
0.051183,
0.051182,
0.051182,
0.051180,
0.051180,
0.051179,
0.051179,
0.051178,
0.051178,
0.051177,
0.051177,
0.051175,
0.051175,
0.051174,
0.051174,
0.051173,
0.051173,
0.051171,
0.051171,
0.051170,
0.051170,
0.051169,
0.051169,
0.051168,
0.051168,
0.051166,
0.051166,
0.051165,
0.051165,
0.051164,
0.051164,
0.051163,
0.051163,
0.051161,
0.051161,
0.051160,
0.051160,
0.051159,
0.051159,
0.051158,
0.051158,
0.051156,
0.051156,
0.051155,
0.051155,
0.051154,
0.051154,
0.051153,
0.051153,
0.051151,
0.051151,
0.051150,
0.051150,
0.051149,
0.051149,
0.051148,
0.051148,
0.051146,
0.051146,
0.051145,
0.051145,
0.051144,
0.051144,
0.051142,
0.051142,
0.051141,
0.051141,
0.051140,
0.051140,
0.051139,
0.051139,
0.051137,
0.051137,
0.051136,
0.051136,
0.051135,
0.051135,
0.051134,
0.051134,
0.051132,
0.051132,
0.051131,
0.051131,
0.051130,
0.051130,
0.051129,
0.051129,
0.051127,
0.051127,
0.051126,
0.051126,
0.051125,
0.051125,
0.051124,
0.051124,
0.051122,
0.051122,
0.051121,
0.051121,
0.051120,
0.051120,
0.051119,
0.051119,
0.051117,
0.051117,
0.051116,
0.051116,
0.051115,
0.051115,
0.051114,
0.051114,
0.051112,
0.051112,
0.051111,
0.051111,
0.051110,
0.051110,
0.051109,
0.051109,
0.051107,
0.051107,
0.051106,
0.051106,
0.051105,
0.051105,
0.051104,
0.051104,
0.051102,
0.051102,
0.051101,
0.051101,
0.051100,
0.051100,
0.051099,
0.051099,
0.051097,
0.051097,
0.051096,
0.051096,
0.051095,
0.051095,
0.051094,
0.051094,
0.051092,
0.051092,
0.051091,
0.051091,
0.051090,
0.051090,
0.051089,
0.051089,
0.051088,
0.051088,
0.051086,
0.051086,
0.051085,
0.051085,
0.051084,
0.051084,
0.051083,
0.051083,
0.051081,
0.051081,
0.051080,
0.051080,
0.051079,
0.051079,
0.051078,
0.051078,
0.051076,
0.051076,
0.051075,
0.051075,
0.051074,
0.051074,
0.051073,
0.051073,
0.051071,
0.051071,
0.051070,
0.051070,
0.051069,
0.051069,
0.051068,
0.051068,
0.051066,
0.051066,
0.051065,
0.051065,
0.051064,
0.051064,
0.051063,
0.051063,
0.051061,
0.051061,
0.051060,
0.051060,
0.051059,
0.051059,
0.051058,
0.051058,
0.051057,
0.051057,
0.051055,
0.051055,
0.051054,
0.051054,
0.051053,
0.051053,
0.051052,
0.051052,
0.051050,
0.051050,
0.051049,
0.051049,
0.051048,
0.051048,
0.051047,
0.051047,
0.051045,
0.051045,
0.051044,
0.051044,
0.051043,
0.051043,
0.051042,
0.051042,
0.051041,
0.051041,
0.051039,
0.051039,
0.051038,
0.051038,
0.051037,
0.051037,
0.051036,
0.051036,
0.051034,
0.051034,
0.051033,
0.051033,
0.051032,
0.051032,
0.051031,
0.051031,
0.051029,
0.051029,
0.051028,
0.051028,
0.051027,
0.051027,
0.051026,
0.051026,
0.051025,
0.051025,
0.051023,
0.051023,
0.051022,
0.051022,
0.051021,
0.051021,
0.051020,
0.051020,
0.051018,
0.051018,
0.051017,
0.051017,
0.051016,
0.051016,
0.051015,
0.051015,
0.051014,
0.051014,
0.051012,
0.051012,
0.051011,
0.051011,
0.051010,
0.051010,
0.051009,
0.051009,
0.051007,
0.051007,
0.051006,
0.051006,
0.051005,
0.051005,
0.051004,
0.051004,
0.051003,
0.051003,
0.051001,
0.051001,
0.051000,
0.051000,
0.050999,
0.050999,
0.050998,
0.050998,
0.050996,
0.050996,
0.050995,
0.050995,
0.050994,
0.050994,
0.050993,
0.050993,
0.050992,
0.050992,
0.050990,
0.050990,
0.050989,
0.050989,
0.050988,
0.050988,
0.050987,
0.050987,
0.050985,
0.050985,
0.050984,
0.050984,
0.050983,
0.050983,
0.050982,
0.050982,
0.050981,
0.050981,
0.050979,
0.050979,
0.050978,
0.050978,
0.050977,
0.050977,
0.050976,
0.050976,
0.050975,
0.050975,
0.050973,
0.050973,
0.050972,
0.050972,
0.050971,
0.050971,
0.050970,
0.050970,
0.050968,
0.050968,
0.050967,
0.050967,
0.050966,
0.050966,
0.050965,
0.050965,
0.050964,
0.050964,
0.050962,
0.050962,
0.050961,
0.050961,
0.050960,
0.050960,
0.050959,
0.050959,
0.050958,
0.050958,
0.050956,
0.050956,
0.050955,
0.050955,
0.050954,
0.050954,
0.050953,
0.050953,
0.050952,
0.050952,
0.050950,
0.050950,
0.050949,
0.050949,
0.050948,
0.050948,
0.050947,
0.050947,
0.050945,
0.050945,
0.050944,
0.050944,
0.050943,
0.050943,
0.050942,
0.050942,
0.050941,
0.050941,
0.050939,
0.050939,
0.050938,
0.050938,
0.050937,
0.050937,
0.050936,
0.050936,
0.050935,
0.050935,
0.050933,
0.050933,
0.050932,
0.050932,
0.050931,
0.050931,
0.050930,
0.050930,
0.050929,
0.050929,
0.050927,
0.050927,
0.050926,
0.050926,
0.050925,
0.050925,
0.050924,
0.050924,
0.050923,
0.050923,
0.050921,
0.050921,
0.050920,
0.050920,
0.050919,
0.050919,
0.050918,
0.050918,
0.050917,
0.050917,
0.050915,
0.050915,
0.050914,
0.050914,
0.050913,
0.050913,
0.050912,
0.050912,
0.050911,
0.050911,
0.050909,
0.050909,
0.050908,
0.050908,
0.050907,
0.050907,
0.050906,
0.050906,
0.050905,
0.050905,
0.050903,
0.050903,
0.050902,
0.050902,
0.050901,
0.050901,
0.050900,
0.050900,
0.050899,
0.050899,
0.050897,
0.050897,
0.050896,
0.050896,
0.050895,
0.050895,
0.050894,
0.050894,
0.050893,
0.050893,
0.050892,
0.050892,
0.050890,
0.050890,
0.050889,
0.050889,
0.050888,
0.050888,
0.050887,
0.050887,
0.050886,
0.050886,
0.050884,
0.050884,
0.050883,
0.050883,
0.050882,
0.050882,
0.050881,
0.050881,
0.050880,
0.050880,
0.050878,
0.050878,
0.050877,
0.050877,
0.050876,
0.050876,
0.050875,
0.050875,
0.050874,
0.050874,
0.050872,
0.050872,
0.050871,
0.050871,
0.050870,
0.050870,
0.050869,
0.050869,
0.050868,
0.050868,
0.050867,
0.050867,
0.050865,
0.050865,
0.050864,
0.050864,
0.050863,
0.050863,
0.050862,
0.050862,
0.050861,
0.050861,
0.050859,
0.050859,
0.050858,
0.050858,
0.050857,
0.050857,
0.050856,
0.050856,
0.050855,
0.050855,
0.050854,
0.050854,
0.050852,
0.050852,
0.050851,
0.050851,
0.050850,
0.050850,
0.050849,
0.050849,
0.050848,
0.050848,
0.050846,
0.050846,
0.050845,
0.050845,
0.050844,
0.050844,
0.050843,
0.050843,
0.050842,
0.050842,
0.050841,
0.050841,
0.050839,
0.050839,
0.050838,
0.050838,
0.050837,
0.050837,
0.050836,
0.050836,
0.050835,
0.050835,
0.050833,
0.050833,
0.050832,
0.050832,
0.050831,
0.050831,
0.050830,
0.050830,
0.050829,
0.050829,
0.050828,
0.050828,
0.050826,
0.050826,
0.050825,
0.050825,
0.050824,
0.050824,
0.050823,
0.050823,
0.050822,
0.050822,
0.050821,
0.050821,
0.050819,
0.050819,
0.050818,
0.050818,
0.050817,
0.050817,
0.050816,
0.050816,
0.050815,
0.050815,
0.050814,
0.050814,
0.050812,
0.050812,
0.050811,
0.050811,
0.050810,
0.050810,
0.050809,
0.050809,
0.050808,
0.050808,
0.050806,
0.050806,
0.050805,
0.050805,
0.050804,
0.050804,
0.050803,
0.050803,
0.050802,
0.050802,
0.050801,
0.050801,
0.050799,
0.050799,
0.050798,
0.050798,
0.050797,
0.050797,
0.050796,
0.050796,
0.050795,
0.050795,
0.050794,
0.050794,
0.050792,
0.050792,
0.050791,
0.050791,
0.050790,
0.050790,
0.050789,
0.050789,
0.050788,
0.050788,
0.050787,
0.050787,
0.050785,
0.050785,
0.050784,
0.050784,
0.050783,
0.050783,
0.050782,
0.050782,
0.050781,
0.050781,
0.050780,
0.050780,
0.050778,
0.050778,
0.050777,
0.050777,
0.050776,
0.050776,
0.050775,
0.050775,
0.050774,
0.050774,
0.050773,
0.050773,
0.050772,
0.050772,
0.050770,
0.050770,
0.050769,
0.050769,
0.050768,
0.050768,
0.050767,
0.050767,
0.050766,
0.050766,
0.050765,
0.050765,
0.050763,
0.050763,
0.050762,
0.050762,
0.050761,
0.050761,
0.050760,
0.050760,
0.050759,
0.050759,
0.050758,
0.050758,
0.050756,
0.050756,
0.050755,
0.050755,
0.050754,
0.050754,
0.050753,
0.050753,
0.050752,
0.050752,
0.050751,
0.050751,
0.050749,
0.050749,
0.050748,
0.050748,
0.050747,
0.050747,
0.050746,
0.050746,
0.050745,
0.050745,
0.050744,
0.050744,
0.050743,
0.050743,
0.050741,
0.050741,
0.050740,
0.050740,
0.050739,
0.050739,
0.050738,
0.050738,
0.050737,
0.050737,
0.050736,
0.050736,
0.050734,
0.050734,
0.050733,
0.050733,
0.050732,
0.050732,
0.050731,
0.050731,
0.050730,
0.050730,
0.050729,
0.050729,
0.050728,
0.050728,
0.050726,
0.050726,
0.050725,
0.050725,
0.050724,
0.050724,
0.050723,
0.050723,
0.050722,
0.050722,
0.050721,
0.050721,
0.050720,
0.050720,
0.050718,
0.050718,
0.050717,
0.050717,
0.050716,
0.050716,
0.050715,
0.050715,
0.050714,
0.050714,
0.050713,
0.050713,
0.050712,
0.050712,
0.050710,
0.050710,
0.050709,
0.050709,
0.050708,
0.050708,
0.050707,
0.050707,
0.050706,
0.050706,
0.050705,
0.050705,
0.050703,
0.050703,
0.050702,
0.050702,
0.050701,
0.050701,
0.050700,
0.050700,
0.050699,
0.050699,
0.050698,
0.050698,
0.050697,
0.050697,
0.050695,
0.050695,
0.050694,
0.050694,
0.050693,
0.050693,
0.050692,
0.050692,
0.050691,
0.050691,
0.050690,
0.050690,
0.050689,
0.050689,
0.050688,
0.050688,
0.050686,
0.050686,
0.050685,
0.050685,
0.050684,
0.050684,
0.050683,
0.050683,
0.050682,
0.050682,
0.050681,
0.050681,
0.050680,
0.050680,
0.050678,
0.050678,
0.050677,
0.050677,
0.050676,
0.050676,
0.050675,
0.050675,
0.050674,
0.050674,
0.050673,
0.050673,
0.050672,
0.050672,
0.050670,
0.050670,
0.050669,
0.050669,
0.050668,
0.050668,
0.050667,
0.050667,
0.050666,
0.050666,
0.050665,
0.050665,
0.050664,
0.050664,
0.050662,
0.050662,
0.050661,
0.050661,
0.050660,
0.050660,
0.050659,
0.050659,
0.050658,
0.050658,
0.050657,
0.050657,
0.050656,
0.050656,
0.050655,
0.050655,
0.050653,
0.050653,
0.050652,
0.050652,
0.050651,
0.050651,
0.050650,
0.050650,
0.050649,
0.050649,
0.050648,
0.050648,
0.050647,
0.050647,
0.050646,
0.050646,
0.050644,
0.050644,
0.050643,
0.050643,
0.050642,
0.050642,
0.050641,
0.050641,
0.050640,
0.050640,
0.050639,
0.050639,
0.050638,
0.050638,
0.050636,
0.050636,
0.050635,
0.050635,
0.050634,
0.050634,
0.050633,
0.050633,
0.050632,
0.050632,
0.050631,
0.050631,
0.050630,
0.050630,
0.050629,
0.050629,
0.050627,
0.050627,
0.050626,
0.050626,
0.050625,
0.050625,
0.050624,
0.050624,
0.050623,
0.050623,
0.050622,
0.050622,
0.050621,
0.050621,
0.050620,
0.050620,
0.050618,
0.050618,
0.050617,
0.050617,
0.050616,
0.050616,
0.050615,
0.050615,
0.050614,
0.050614,
0.050613,
0.050613,
0.050612,
0.050612,
0.050611,
0.050611,
0.050610,
0.050610,
0.050608,
0.050608,
0.050607,
0.050607,
0.050606,
0.050606,
0.050605,
0.050605,
0.050604,
0.050604,
0.050603,
0.050603,
0.050602,
0.050602,
0.050601,
0.050601,
0.050599,
0.050599,
0.050598,
0.050598,
0.050597,
0.050597,
0.050596,
0.050596,
0.050595,
0.050595,
0.050594,
0.050594,
0.050593,
0.050593,
0.050592,
0.050592,
0.050591,
0.050591,
0.050589,
0.050589,
0.050588,
0.050588,
0.050587,
0.050587,
0.050586,
0.050586,
0.050585,
0.050585,
0.050584,
0.050584,
0.050583,
0.050583,
0.050582,
0.050582,
0.050581,
0.050581,
0.050579,
0.050579,
0.050578,
0.050578,
0.050577,
0.050577,
0.050576,
0.050576,
0.050575,
0.050575,
0.050574,
0.050574,
0.050573,
0.050573,
0.050572,
0.050572,
0.050570,
0.050570,
0.050569,
0.050569,
0.050568,
0.050568,
0.050567,
0.050567,
0.050566,
0.050566,
0.050565,
0.050565,
0.050564,
0.050564,
0.050563,
0.050563,
0.050562,
0.050562,
0.050561,
0.050561,
0.050559,
0.050559,
0.050558,
0.050558,
0.050557,
0.050557,
0.050556,
0.050556,
0.050555,
0.050555,
0.050554,
0.050554,
0.050553,
0.050553,
0.050552,
0.050552,
0.050551,
0.050551,
0.050549,
0.050549,
0.050548,
0.050548,
0.050547,
0.050547,
0.050546,
0.050546,
0.050545,
0.050545,
0.050544,
0.050544,
0.050543,
0.050543,
0.050542,
0.050542,
0.050541,
0.050541,
0.050540,
0.050540,
0.050538,
0.050538,
0.050537,
0.050537,
0.050536,
0.050536,
0.050535,
0.050535,
0.050534,
0.050534,
0.050533,
0.050533,
0.050532,
0.050532,
0.050531,
0.050531,
0.050530,
0.050530,
0.050529,
0.050529,
0.050527,
0.050527,
0.050526,
0.050526,
0.050525,
0.050525,
0.050524,
0.050524,
0.050523,
0.050523,
0.050522,
0.050522,
0.050521,
0.050521,
0.050520,
0.050520,
0.050519,
0.050519,
0.050518,
0.050518,
0.050516,
0.050516,
0.050515,
0.050515,
0.050514,
0.050514,
0.050513,
0.050513,
0.050512,
0.050512,
0.050511,
0.050511,
0.050510,
0.050510,
0.050509,
0.050509,
0.050508,
0.050508,
0.050507,
0.050507,
0.050505,
0.050505,
0.050504,
0.050504,
0.050503,
0.050503,
0.050502,
0.050502,
0.050501,
0.050501,
0.050500,
0.050500,
0.050499,
0.050499,
0.050498,
0.050498,
0.050497,
0.050497,
0.050496,
0.050496,
0.050495,
0.050495,
0.050493,
0.050493,
0.050492,
0.050492,
0.050491,
0.050491,
0.050490,
0.050490,
0.050489,
0.050489,
0.050488,
0.050488,
0.050487,
0.050487,
0.050486,
0.050486,
0.050485,
0.050485,
0.050484,
0.050484,
0.050483,
0.050483,
0.050481,
0.050481,
0.050480,
0.050480,
0.050479,
0.050479,
0.050478,
0.050478,
0.050477,
0.050477,
0.050476,
0.050476,
0.050475,
0.050475,
0.050474,
0.050474,
0.050473,
0.050473,
0.050472,
0.050472,
0.050471,
0.050471,
0.050470,
0.050470,
0.050468,
0.050468,
0.050467,
0.050467,
0.050466,
0.050466,
0.050465,
0.050465,
0.050464,
0.050464,
0.050463,
0.050463,
0.050462,
0.050462,
0.050461,
0.050461,
0.050460,
0.050460,
0.050459,
0.050459,
0.050458,
0.050458,
0.050457,
0.050457,
0.050455,
0.050455,
0.050454,
0.050454,
0.050453,
0.050453,
0.050452,
0.050452,
0.050451,
0.050451,
0.050450,
0.050450,
0.050449,
0.050449,
0.050448,
0.050448,
0.050447,
0.050447,
0.050446,
0.050446,
0.050445,
0.050445,
0.050444,
0.050444,
0.050443,
0.050443,
0.050441,
0.050441,
0.050440,
0.050440,
0.050439,
0.050439,
0.050438,
0.050438,
0.050437,
0.050437,
0.050436,
0.050436,
0.050435,
0.050435,
0.050434,
0.050434,
0.050433,
0.050433,
0.050432,
0.050432,
0.050431,
0.050431,
0.050430,
0.050430,
0.050429,
0.050429,
0.050427,
0.050427,
0.050426,
0.050426,
0.050425,
0.050425,
0.050424,
0.050424,
0.050423,
0.050423,
0.050422,
0.050422,
0.050421,
0.050421,
0.050420,
0.050420,
0.050419,
0.050419,
0.050418,
0.050418,
0.050417,
0.050417,
0.050416,
0.050416,
0.050415,
0.050415,
0.050413,
0.050413,
0.050412,
0.050412,
0.050411,
0.050411,
0.050410,
0.050410,
0.050409,
0.050409,
0.050408,
0.050408,
0.050407,
0.050407,
0.050406,
0.050406,
0.050405,
0.050405,
0.050404,
0.050404,
0.050403,
0.050403,
0.050402,
0.050402,
0.050401,
0.050401,
0.050400,
0.050400,
0.050399,
0.050399,
0.050397,
0.050397,
0.050396,
0.050396,
0.050395,
0.050395,
0.050394,
0.050394,
0.050393,
0.050393,
0.050392,
0.050392,
0.050391,
0.050391,
0.050390,
0.050390,
0.050389,
0.050389,
0.050388,
0.050388,
0.050387,
0.050387,
0.050386,
0.050386,
0.050385,
0.050385,
0.050384,
0.050384,
0.050383,
0.050383,
0.050382,
0.050382,
0.050380,
0.050380,
0.050379,
0.050379,
0.050378,
0.050378,
0.050377,
0.050377,
0.050376,
0.050376,
0.050375,
0.050375,
0.050374,
0.050374,
0.050373,
0.050373,
0.050372,
0.050372,
0.050371,
0.050371,
0.050370,
0.050370,
0.050369,
0.050369,
0.050368,
0.050368,
0.050367,
0.050367,
0.050366,
0.050366,
0.050365,
0.050365,
0.050363,
0.050363,
0.050362,
0.050362,
0.050361,
0.050361,
0.050360,
0.050360,
0.050359,
0.050359,
0.050358,
0.050358,
0.050357,
0.050357,
0.050356,
0.050356,
0.050355,
0.050355,
0.050354,
0.050354,
0.050353,
0.050353,
0.050352,
0.050352,
0.050351,
0.050351,
0.050350,
0.050350,
0.050349,
0.050349,
0.050348,
0.050348,
0.050347,
0.050347,
0.050346,
0.050346,
0.050344,
0.050344,
0.050343,
0.050343,
0.050342,
0.050342,
0.050341,
0.050341,
0.050340,
0.050340,
0.050339,
0.050339,
0.050338,
0.050338,
0.050337,
0.050337,
0.050336,
0.050336,
0.050335,
0.050335,
0.050334,
0.050334,
0.050333,
0.050333,
0.050332,
0.050332,
0.050331,
0.050331,
0.050330,
0.050330,
0.050329,
0.050329,
0.050328,
0.050328,
0.050327,
0.050327,
0.050326,
0.050326,
0.050325,
0.050325,
0.050323,
0.050323,
0.050322,
0.050322,
0.050321,
0.050321,
0.050320,
0.050320,
0.050319,
0.050319,
0.050318,
0.050318,
0.050317,
0.050317,
0.050316,
0.050316,
0.050315,
0.050315,
0.050314,
0.050314,
0.050313,
0.050313,
0.050312,
0.050312,
0.050311,
0.050311,
0.050310,
0.050310,
0.050309,
0.050309,
0.050308,
0.050308,
0.050307,
0.050307,
0.050306,
0.050306,
0.050305,
0.050305,
0.050304,
0.050304,
0.050303,
0.050303,
0.050302,
0.050302,
0.050300,
0.050300,
0.050299,
0.050299,
0.050298,
0.050298,
0.050297,
0.050297,
0.050296,
0.050296,
0.050295,
0.050295,
0.050294,
0.050294,
0.050293,
0.050293,
0.050292,
0.050292,
0.050291,
0.050291,
0.050290,
0.050290,
0.050289,
0.050289,
0.050288,
0.050288,
0.050287,
0.050287,
0.050286,
0.050286,
0.050285,
0.050285,
0.050284,
0.050284,
0.050283,
0.050283,
0.050282,
0.050282,
0.050281,
0.050281,
0.050280,
0.050280,
0.050279,
0.050279,
0.050278,
0.050278,
0.050277,
0.050277,
0.050276,
0.050276,
0.050275,
0.050275,
0.050273,
0.050273,
0.050272,
0.050272,
0.050271,
0.050271,
0.050270,
0.050270,
0.050269,
0.050269,
0.050268,
0.050268,
0.050267,
0.050267,
0.050266,
0.050266,
0.050265,
0.050265,
0.050264,
0.050264,
0.050263,
0.050263,
0.050262,
0.050262,
0.050261,
0.050261,
0.050260,
0.050260,
0.050259,
0.050259,
0.050258,
0.050258,
0.050257,
0.050257,
0.050256,
0.050256,
0.050255,
0.050255,
0.050254,
0.050254,
0.050253,
0.050253,
0.050252,
0.050252,
0.050251,
0.050251,
0.050250,
0.050250,
0.050249,
0.050249,
0.050248,
0.050248,
0.050247,
0.050247,
0.050246,
0.050246,
0.050245,
0.050245,
0.050244,
0.050244,
0.050243,
0.050243,
0.050242,
0.050242,
0.050240,
0.050240,
0.050239,
0.050239,
0.050238,
0.050238,
0.050237,
0.050237,
0.050236,
0.050236,
0.050235,
0.050235,
0.050234,
0.050234,
0.050233,
0.050233,
0.050232,
0.050232,
0.050231,
0.050231,
0.050230,
0.050230,
0.050229,
0.050229,
0.050228,
0.050228,
0.050227,
0.050227,
0.050226,
0.050226,
0.050225,
0.050225,
0.050224,
0.050224,
0.050223,
0.050223,
0.050222,
0.050222,
0.050221,
0.050221,
0.050220,
0.050220,
0.050219,
0.050219,
0.050218,
0.050218,
0.050217,
0.050217,
0.050216,
0.050216,
0.050215,
0.050215,
0.050214,
0.050214,
0.050213,
0.050213,
0.050212,
0.050212,
0.050211,
0.050211,
0.050210,
0.050210,
0.050209,
0.050209,
0.050208,
0.050208,
0.050207,
0.050207,
0.050206,
0.050206,
0.050205,
0.050205,
0.050204,
0.050204,
0.050203,
0.050203,
0.050202,
0.050202,
0.050201,
0.050201,
0.050200,
0.050200,
0.050199,
0.050199,
0.050198,
0.050198,
0.050197,
0.050197,
0.050196,
0.050196,
0.050195,
0.050195,
0.050194,
0.050194,
0.050192,
0.050192,
0.050191,
0.050191,
0.050190,
0.050190,
0.050189,
0.050189,
0.050188,
0.050188,
0.050187,
0.050187,
0.050186,
0.050186,
0.050185,
0.050185,
0.050184,
0.050184,
0.050183,
0.050183,
0.050182,
0.050182,
0.050181,
0.050181,
0.050180,
0.050180,
0.050179,
0.050179,
0.050178,
0.050178,
0.050177,
0.050177,
0.050176,
0.050176,
0.050175,
0.050175,
0.050174,
0.050174,
0.050173,
0.050173,
0.050172,
0.050172,
0.050171,
0.050171,
0.050170,
0.050170,
0.050169,
0.050169,
0.050168,
0.050168,
0.050167,
0.050167,
0.050166,
0.050166,
0.050165,
0.050165,
0.050164,
0.050164,
0.050163,
0.050163,
0.050162,
0.050162,
0.050161,
0.050161,
0.050160,
0.050160,
0.050159,
0.050159,
0.050158,
0.050158,
0.050157,
0.050157,
0.050156,
0.050156,
0.050155,
0.050155,
0.050154,
0.050154,
0.050153,
0.050153,
0.050152,
0.050152,
0.050151,
0.050151,
0.050150,
0.050150,
0.050149,
0.050149,
0.050148,
0.050148,
0.050147,
0.050147,
0.050146,
0.050146,
0.050145,
0.050145,
0.050144,
0.050144,
0.050143,
0.050143,
0.050142,
0.050142,
0.050141,
0.050141,
0.050140,
0.050140,
0.050139,
0.050139,
0.050138,
0.050138,
0.050137,
0.050137,
0.050136,
0.050136,
0.050135,
0.050135,
0.050134,
0.050134,
0.050133,
0.050133,
0.050132,
0.050132,
0.050131,
vetor pesos sinapticos final:
0.717497 0.956457 0.439168 0.747222 
0.989661 0.957525 0.883884 1.368213 
1.364764 0.807496 1.339922 1.187543 
0.729491 1.090891 0.819795 1.369098 
0.487143 1.412861 0.563195 0.528435 
1.287613 0.833956 0.857730 0.895054 
0.665738 0.580194 1.033760 0.952947 
1.244124 1.059701 0.539147 0.841250 
0.656490 0.717405 0.500571 1.295884 
0.848238 0.758789 0.677121 1.413044 
0.909886 1.274002 1.212904 1.016792 
1.100260 0.793610 1.094645 0.911015 
1.215254 0.807435 0.720732 0.797517 
0.958563 1.277206 0.487754 1.141399 
0.470572 0.674771 0.800843 0.764862 
0.671780 0.577051 1.414143 0.450918 
0.576868 1.348772 0.507469 1.338152 
1.235701 0.944158 1.405995 1.387317 
0.457632 1.359484 1.348070 0.702024 
0.975287 0.766754 1.208723 0.984015 
1.203657 0.860629 0.584101 0.904087 
1.251815 0.449361 1.143871 0.670804 
1.342180 0.821046 0.656918 0.577417 
1.294785 0.916661 0.597681 0.808625 
1.231764 0.840944 0.738402 1.288376 
1.159130 0.742339 0.634181 0.849856 
0.581568 0.593470 1.406819 0.509147 
0.806977 0.903080 0.733550 1.123515 
1.096140 0.891025 0.447530 1.215620 
1.314988 1.157360 0.655392 1.245284 
1.244643 1.376727 0.778992 1.109629 
1.206098 1.049508 1.427052 1.152813 
1.155590 0.840731 0.503196 0.467062 
0.906803 0.538414 0.456686 0.765808 
0.636379 1.161816 1.081766 0.610255 
1.328996 1.251693 0.772003 1.271133 
1.317766 0.873477 0.636470 1.005714 
0.577051 1.364337 1.382984 1.033028 
0.923283 1.355731 1.375293 0.986731 
0.780029 1.102732 0.770538 1.128307 
0.664059 0.651119 1.142925 1.101084 
1.048348 0.873599 0.499747 0.506431 
0.758056 0.906468 1.096781 1.083750 
0.556176 1.017891 0.958013 0.774750 
1.074808 0.439046 0.507560 0.454366 
0.748290 1.189618 1.218397 0.608485 
0.904789 1.428151 0.685300 0.740203 
0.672055 1.359790 1.027901 0.786133 
0.854067 1.231276 1.029884 1.323472 
0.434590 0.445394 0.920842 0.849428 
0.863833 1.325792 1.206983 0.914189 
0.784729 0.563256 0.456930 1.388568 
1.354846 0.875186 0.448781 0.647793 
0.820070 0.908879 0.584772 0.952398 
0.496940 0.920476 0.979804 0.807801 
0.818971 1.260421 1.130016 0.583521 
0.603816 1.196729 0.567651 1.173505 
1.197614 1.107615 1.408650 0.978522 
0.652187 0.574304 1.198774 0.992469 
0.592035 1.405628 0.965277 1.272964 
0.926640 1.125407 0.879306 0.578333 
1.065164 0.953985 0.436452 0.451711 
0.788941 0.815370 0.560784 0.533531 
0.438771 1.400532 0.538994 1.384082 
0.572717 0.819185 1.191053 0.596735 
0.750732 0.870212 1.183118 0.483847 
0.602900 0.462759 0.889774 1.115702 
0.836702 1.219069 0.710783 0.994575 
1.340288 0.789582 1.249587 1.144756 
1.037484 0.913121 1.259078 0.899662 
0.651089 0.751708 0.761535 1.167645 
1.030800 0.532341 1.248336 0.457510 
1.201429 1.026619 1.366107 0.445028 
0.788544 0.899448 0.995521 1.361773 
0.976904 0.458273 1.128856 0.987281 
0.658657 0.833864 0.452535 0.526329 
0.927068 1.123820 1.041268 1.151928 
0.572198 0.530602 1.069406 0.495658 
0.735015 1.024696 0.946508 0.866580 
1.375476 0.564294 0.782593 0.479849 
0.711882 1.403278 0.590174 0.476401 
1.286850 0.517845 1.128337 1.014808 
0.816438 0.684110 0.796143 1.216810 
0.478995 1.236647 0.480826 1.247359 
0.799500 1.040505 0.767334 1.311082 
0.785858 0.707151 1.415608 0.845492 
0.473532 0.585718 0.511436 0.693143 
0.534600 0.561090 1.197767 0.533409 
1.107279 1.189618 1.391803 1.355181 
0.502738 1.204206 1.395252 1.251876 
0.945043 0.919774 0.803040 1.320146 
1.000190 0.570184 0.617152 0.943059 
0.851412 1.108195 0.971991 1.239608 
1.076120 0.499564 1.377002 0.961035 
1.080850 1.042489 0.883426 0.616298 
0.851199 0.743651 1.080972 1.106700 
1.172009 1.282395 1.330827 0.651882 
0.974585 0.593470 1.141246 1.288010 
0.967383 0.601069 1.092112 0.719420 
1.205793 1.133586 1.214338 0.805116 
0.757873 0.551751 1.230635 0.461172 
1.121928 1.121013 0.564141 1.260604 
0.552239 0.658840 0.520592 0.511283 
0.949560 0.489219 0.550591 1.094492 
0.471731 1.234542 0.998237 0.843325 
0.521904 0.476950 1.242568 0.744536 
1.269485 0.820070 0.637294 0.743010 
1.360766 1.382190 1.156353 0.431355 
0.975134 1.252334 1.149975 1.405811 
0.883487 0.940892 1.118968 0.568536 
0.664364 1.355059 0.912571 1.159649 
0.735167 1.331224 1.256332 0.797791 
1.353442 1.255325 1.016456 1.312638 
1.245589 0.802125 1.106638 0.649105 
1.018593 1.325059 0.443685 0.625514 
1.011207 0.927495 0.858523 0.826021 
0.740783 0.747222 1.367938 1.409565 
0.602259 0.484793 0.714476 1.115672 
0.975073 0.707426 0.579981 1.249068 
1.394825 0.959326 1.379077 0.923894 
0.945226 1.210249 1.038979 1.349016 
0.527641 0.672787 0.672177 0.435506 
1.163189 0.520531 0.547692 0.507804 
0.984534 0.537377 1.267379 1.399494 
1.073617 1.230055 0.553704 0.714964 
0.800965 0.434682 0.555077 0.538872 
0.823488 0.948705 1.074960 1.373553 
1.396503 1.219526 0.630977 0.586298 
1.156567 0.620967 0.750640 1.148083 
1.031471 1.348925 1.409230 0.943853 
0.432942 0.467306 1.016914 0.437032 
1.389362 1.135936 0.860690 0.968329 
0.773621 0.550683 1.407765 0.470633 
1.283554 0.628627 1.376361 0.881412 
1.329942 0.967779 0.980658 1.033364 
0.489432 1.113993 1.255477 1.304856 
0.678128 0.665493 0.867495 0.811616 
0.701597 1.246779 1.318956 1.420491 
1.338976 0.882450 0.950231 1.366565 
0.615596 0.803407 0.647518 0.755523 
1.422200 1.215223 0.661740 0.731566 
1.135204 1.061013 0.445119 0.592737 
1.396046 1.309831 0.911595 0.634944 
0.704252 0.801179 1.027199 1.005500 
0.981818 1.178113 1.136852 1.347704 
0.763916 0.938878 0.933812 0.517936 
1.173413 1.139232 0.477744 1.155987 
1.334429 0.776459 1.168133 1.390216 
1.381824 1.386005 1.078622 0.458883 
0.722410 0.882511 0.559533 0.528557 
0.704679 1.176221 0.513572 0.491141 
1.352679 0.595759 1.252059 1.020546 
1.320817 0.649197 1.337328 0.670621 
0.725432 1.153973 1.317582 1.295121 
1.009773 1.267196 0.760894 0.571161 
0.498191 0.447835 0.494010 0.907780 
0.796296 0.881626 0.452566 0.520042 
0.692838 1.400013 1.048897 0.950872 
0.719938 1.424672 0.463522 0.820863 
1.027718 0.968725 0.767212 1.088541 
0.729552 1.225600 1.278641 0.600947 
1.374530 0.777100 1.065164 1.217054 
0.702787 0.952123 0.992255 1.284256 
1.340563 1.366687 1.228072 0.749877 
0.590693 1.176984 0.609065 0.688749 
0.975470 1.076578 0.773773 0.527794 
0.687192 0.569055 0.469748 0.749389 
0.603602 0.547234 0.941106 1.354235 
1.023689 0.710173 0.801942 0.865512 
0.780762 0.849490 1.302842 1.155132 
0.888462 0.536034 1.395740 0.873569 
1.376392 1.238265 0.504173 0.764404 
0.471304 1.403126 1.404774 0.644893 
0.780518 0.531639 1.126079 1.333910 
0.633083 0.779602 1.271774 1.308213 
1.235915 1.114787 0.673337 1.368640 
0.800172 0.562219 0.779511 1.097300 
1.294968 0.568658 0.688016 1.386920 
0.984015 1.017311 1.226454 0.823793 
1.401844 0.924168 0.987769 1.205518 
0.925694 1.347430 0.727599 0.974676 
0.599390 0.540856 1.028877 0.849856 
1.365466 0.882694 0.640285 0.435018 
1.361376 0.611018 1.394886 1.089060 
0.437123 0.897190 1.114909 0.835665 
0.549218 1.288407 1.409504 0.596247 
1.187940 1.050393 0.770752 0.525749 
0.494285 0.442189 0.875278 0.733611 
1.222639 0.453481 0.496757 1.170544 
1.204878 1.036110 0.936498 0.962591 
0.473349 1.361010 1.377338 0.973913 
0.698026 1.131908 1.067819 0.879001 
1.094065 0.486838 0.742949 0.526176 
0.456838 0.518638 1.187207 0.873233 
0.479941 0.946111 1.346331 1.276596 
1.012458 0.966497 0.894504 1.415364 
1.412190 0.821199 0.662716 0.631130 
0.650814 1.105479 0.834566 0.965368 
1.327257 1.353411 1.316118 0.675046 
1.245131 0.929631 1.185590 0.508232 
0.711576 0.759124 0.629726 0.520592 
@@@@@@@@@@@@@@@@

qtd epocas = 2593


vetor com as saidas desejadas:
0.061100 0.286000 0.746400 0.483100 
0.510200 0.746400 0.086000 0.596500 
0.000400 0.691600 0.500600 0.531800 
0.943000 0.447600 0.264800 0.684300 
0.139900 0.161000 0.247700 0.287200 
0.642300 0.322900 0.856700 0.766300 
0.649200 0.000700 0.642200 0.566600 
0.181800 0.507800 0.904600 0.660100 
0.738200 0.264700 0.191600 0.542700 
0.387900 0.130700 0.865600 0.583600 
0.190300 0.652300 0.782000 0.695000 
0.840100 0.449000 0.271900 0.679000 
0.002900 0.326400 0.247600 0.295600 
0.708800 0.934200 0.276300 0.774200 
0.128300 0.188200 0.725300 0.466200 
0.888200 0.307700 0.893100 0.809300 
0.222500 0.918200 0.782000 0.758100 
0.195700 0.842300 0.308500 0.582600 
0.999100 0.591400 0.393300 0.793800 
y = 0.504470
y = 0.508945
y = 0.513426
y = 0.517911
y = 0.522399
y = 0.526890
y = 0.531383
y = 0.535878
y = 0.540373
y = 0.544868
y = 0.549362
y = 0.553854
y = 0.558344
y = 0.562831
y = 0.567313
y = 0.571791
y = 0.576264
y = 0.580730
y = 0.585190
y = 0.589642
