vetor pesos sinapticos original:
0.654927 0.099490 0.886532 0.951872 0.611072 0.164830 0.117618 0.291452 0.549974 0.305185 0.335337 
0.192846 0.770104 0.107944 0.828639 0.135228 0.295541 0.616596 0.619984 0.092532 0.579760 0.844386 
0.049013 0.407880 0.008026 0.891690 0.545457 0.099185 0.105197 0.948180 0.747948 0.127873 0.854671 
0.960723 0.624836 0.661763 0.034761 0.248909 0.753044 0.863155 0.979400 0.848903 0.411420 0.233741 
0.668233 0.866909 0.644948 0.047395 0.553636 0.624073 0.955657 0.902036 0.030000 0.873196 0.776940 
0.921690 0.952025 0.869259 0.387249 0.640767 0.107669 0.574725 0.419416 0.100589 0.053224 0.780511 
0.622120 0.190466 0.215033 0.424665 0.029359 0.763939 0.665761 0.889340 0.194525 0.561724 0.480422 
0.557451 0.645009 0.472823 0.078707 0.410535 0.213996 0.164159 0.460097 0.948881 0.405225 0.611347 
0.737541 0.214789 0.447432 0.560411 0.876431 0.201331 0.194189 0.452864 0.044801 0.426313 0.526109 
0.844874 0.481185 0.954070 0.410779 0.851436 0.286081 0.645528 0.277688 0.647786 0.043855 0.918088 
0.863277 0.558153 0.680654 0.796625 0.183325 0.764061 0.464949 0.536515 0.788629 0.162664 0.557207 
0.600421 0.959655 0.407147 0.014161 0.269692 0.997345 0.659536 0.654836 0.671865 0.265694 0.088015 
0.693808 0.505325 0.142644 0.639576 0.548601 0.242653 0.535173 0.119053 0.726951 0.093600 0.115329 
0.106388 0.200446 0.509110 0.933256 0.742882 0.170812 0.507492 0.563097 0.917692 0.634938 0.604511 
0.438765 0.886349 0.655019 0.627674 0.535112 0.851680 0.740013 0.197027 0.051119 0.539384 0.244758 
0.152898 0.251534 0.298532 0.192816 0.712333 0.122471 0.759026 0.429334 0.635090 0.998230 0.576800 
0.510483 0.181005 0.814600 0.298166 0.235176 0.139348 0.145878 0.874722 0.225837 0.711661 0.680960 
0.859523 0.464187 0.529435 0.295083 0.816675 0.188269 0.588031 0.373882 0.974578 0.057161 0.377514 
0.545366 0.654744 0.989502 0.992187 0.476394 0.507401 0.581957 0.499710 0.890011 0.084780 0.514298 
0.351695 0.459395 0.783715 0.846736 0.115970 0.735496 0.688253 0.616291 0.312723 0.763634 0.344554 
0.638264 0.635365 0.546068 0.998169 0.918821 0.337291 0.006623 0.325449 0.585345 0.066134 0.613208 
0.190802 0.740623 0.926267 0.314951 0.460097 0.146916 0.051057 0.950194 0.402173 0.146672 0.466720 
0.781060 0.709464 0.725425 0.527390 0.311655 0.669118 0.123905 0.704855 0.045351 0.515488 0.905026 
0.012085 0.338084 0.495895 0.882076 0.843501 0.003296 0.680166 0.814905 0.511979 0.825404 0.045717 
0.279458 0.264779 0.637379 0.869381 0.617695 0.058931 0.119388 0.956877 0.373699 0.877834 0.974120 
0.741752 0.122501 0.870022 0.635334 0.784326 0.097568 0.091403 0.166082 0.702658 0.523453 0.132542 
0.502457 0.066073 0.059725 0.411542 0.699179 0.283120 0.262673 0.414472 0.333598 0.014588 0.470504 
0.664266 0.724235 0.143590 0.018860 0.699301 0.119541 0.833125 0.192694 0.843135 0.514389 0.703024 
0.820490 0.046327 0.248756 0.657216 0.917447 0.582018 0.046968 0.392621 0.283853 0.875912 0.651753 
0.121036 0.464736 0.252663 0.710654 0.534928 0.976775 0.879391 0.070650 0.548875 0.209510 0.687460 
0.137211 0.847530 0.906430 0.554460 0.453871 0.771416 0.632252 0.526902 0.158940 0.572069 0.133000 
0.365276 0.475478 0.567278 0.994842 0.192511 0.890408 0.228217 0.507797 0.527512 0.179693 0.729362 
0.141240 0.484268 0.935423 0.992492 0.536485 0.418622 0.750694 0.756188 0.423475 0.803339 0.719443 
0.702048 0.367473 0.612934 0.406751 0.168462 0.752159 0.999756 0.946196 0.483901 0.905118 0.541887 
0.420148 0.450331 0.772423 0.845088 0.179937 0.008515 0.048036 0.779046 0.261422 0.615894 0.164739 
0.130009 0.552477 0.368908 0.052461 0.950438 0.869045 0.400494 0.070620 0.387127 0.595080 0.584429 
0.020417 0.269509 0.043855 0.077242 0.643422 0.238411 0.195624 0.729789 0.512955 0.697501 0.968810 
0.898434 0.724082 0.368023 0.680593 0.688833 0.288614 0.728416 0.853175 0.161748 0.641926 0.119846 
0.022004 0.533586 0.166570 0.799249 0.702322 0.901944 0.140538 0.720389 0.169713 0.528062 0.014924 
0.325205 0.212134 0.207038 0.428449 0.125980 0.508133 0.757195 0.864071 0.359722 0.788690 0.159825 
0.354900 0.495987 0.438429 0.380718 0.144810 0.879757 0.692526 0.404309 0.710685 0.289987 0.085482 
0.512192 0.051851 0.695822 0.308390 0.336955 0.653920 0.990783 0.130100 0.722678 0.031922 0.987304 
0.539750 0.923276 0.260750 0.451765 0.765770 0.169897 0.397137 0.462386 0.328257 0.139103 0.201270 
0.869839 0.780847 0.352031 0.063173 0.143437 0.298227 0.037111 0.540239 0.382824 0.765618 0.486557 
0.412702 0.777093 0.526383 0.438185 0.662740 0.292367 0.444258 0.514206 0.283578 0.869289 0.436140 
0.247658 0.325144 0.911344 0.131840 0.727989 0.082125 0.345561 0.817255 0.397015 0.830897 0.036683 
0.316507 0.026826 0.021455 0.836207 0.970428 0.410108 0.331004 0.047060 0.366344 0.794855 0.484664 
0.586291 0.976653 0.594562 0.250282 0.625355 0.361431 0.404859 0.513260 0.990997 0.091922 0.858242 
0.837764 0.106449 0.050966 0.347606 0.420301 0.755608 0.266671 0.150639 0.842524 0.449934 0.935331 
0.985473 0.528703 0.680868 0.790338 0.529313 0.314707 0.837642 0.472854 0.931455 0.034608 0.072817 
0.060793 0.851222 0.531083 0.896268 0.412152 0.053072 0.995666 0.778405 0.479080 0.089145 0.045778 
0.545244 0.249001 0.101291 0.444075 0.845119 0.468764 0.273232 0.866390 0.469192 0.808405 0.964446 
0.625202 0.806604 0.620533 0.057100 0.754295 0.215674 0.951628 0.546953 0.360668 0.592486 0.961699 
0.909635 0.650838 0.917814 0.408185 0.273537 0.536637 0.063784 0.350749 0.930998 0.227882 0.641926 
0.732963 0.217872 0.717215 0.172918 0.997009 0.294321 0.563799 0.360302 0.388134 0.856655 0.882504 
0.748802 0.104801 0.312113 0.943907 0.548662 0.950346 0.448317 0.292123 0.907224 0.643422 0.127384 
0.786554 0.409009 0.442549 0.037202 0.473403 0.085726 0.241401 0.030366 0.693869 0.717154 0.791192 
0.082278 0.334635 0.704093 0.206091 0.399762 0.627400 0.295389 0.408185 0.711112 0.403333 0.449141 
0.668233 0.269143 0.208960 0.110263 0.898007 0.598621 0.189611 0.185156 0.851405 0.518479 0.146519 
0.995087 0.889523 0.471297 0.674368 0.488968 0.466659 0.690359 0.784783 0.997650 0.993316 0.235847 
0.922636 0.809992 0.232063 0.431562 0.781091 0.352824 0.883480 0.733177 0.821802 0.255501 0.517075 
0.559374 0.906247 0.080416 0.504746 0.117252 0.944975 0.000855 0.112156 0.753044 0.970214 0.207526 
0.404584 0.859249 0.539140 0.324503 0.123478 0.870144 0.872921 0.616504 0.190069 0.376019 0.638600 
0.268166 0.992157 0.887997 0.779992 0.517258 0.110050 0.284371 0.303110 0.922086 0.638905 0.470077 
0.423627 0.545305 0.762108 0.279885 0.981262 0.335032 0.733665 0.157476 0.528397 0.484146 0.924589 
0.640736 0.998688 0.049654 0.090030 0.185186 0.361827 0.613025 0.513657 0.356548 0.171300 0.262520 
0.184790 0.923612 0.410443 0.679525 0.665395 0.882626 0.543870 0.609210 0.802515 0.944914 0.180303 
0.497360 0.942717 0.518387 0.252876 0.574572 0.804956 0.714469 0.123051 0.168859 0.667440 0.411695 
0.515091 0.527940 0.025697 0.907254 0.686392 0.932768 0.377300 0.187506 0.740745 0.383068 0.289773 
0.349193 0.490127 0.636738 0.408124 0.201880 0.771844 0.883572 0.557939 0.583697 0.626759 0.835261 
0.600574 0.420881 0.245399 0.512741 0.196356 0.062899 0.087436 0.511948 0.132450 0.924375 0.081790 
0.029084 0.371227 0.964293 0.312632 0.427503 0.475661 0.035096 0.098056 0.626209 0.568072 0.631825 
0.867885 0.092288 0.478103 0.072542 0.746025 0.718039 0.236488 0.642567 0.244636 0.363903 0.570879 
0.731742 0.975677 0.349010 0.559587 0.498032 0.786096 0.669881 0.100192 0.087161 0.223518 0.229194 
0.348491 0.940550 0.737877 0.855373 0.784539 0.221900 0.525803 0.394513 0.061922 0.894742 0.423841 
0.655812 0.296518 0.481185 0.756706 0.491806 0.950774 0.033815 0.546892 0.794549 0.970092 0.351604 
0.991791 0.689047 0.327433 0.971191 0.614734 0.705435 0.632374 0.964843 0.996124 0.210486 0.960692 
0.076479 0.490677 0.880642 0.560991 0.226600 0.837642 0.496780 0.594806 0.917539 0.069369 0.843135 
0.565722 0.570605 0.625446 0.990265 0.594470 0.326151 0.077670 0.744530 0.195837 0.337382 0.373089 
0.544847 0.714042 0.089999 0.000336 0.587573 0.072024 0.778283 0.986724 0.461501 0.992218 0.268868 
0.130833 0.073794 0.343364 0.684256 0.378552 0.148137 0.771447 0.135929 0.747154 0.076388 0.269387 
0.639882 0.705039 0.405011 0.842708 0.744346 0.412488 0.737632 0.927213 0.902219 0.730186 0.334605 
0.714743 0.118503 0.401227 0.191534 0.043428 0.904691 0.313761 0.877010 0.008728 0.070650 0.249458 
0.911771 0.951262 0.386059 0.024751 0.969970 0.977874 0.642048 0.431013 0.683981 0.672414 0.144292 
0.879482 0.334025 0.151769 0.169500 0.157994 0.203681 0.124302 0.415418 0.204871 0.882839 0.106143 
0.976806 0.306833 0.298837 0.452071 0.877560 0.626942 0.758049 0.357219 0.691061 0.468825 0.777520 
0.485458 0.279611 0.183752 0.989746 0.381268 0.184118 0.126072 0.900479 0.320872 0.695486 0.564074 
0.781426 0.759209 0.138981 0.952147 0.478957 0.028626 0.402722 0.470351 0.420148 0.446150 0.241310 
0.237953 0.597247 0.484756 0.386517 0.107089 0.811884 0.165807 0.995575 0.442518 0.960417 0.328074 
0.468612 0.794275 0.641377 0.930143 0.166692 0.868740 0.866787 0.042238 0.061220 0.705374 0.157567 
0.683828 0.846461 0.464095 0.805841 0.162877 0.545946 0.730857 0.583636 0.073824 0.144688 0.746574 
0.680746 0.609485 0.277566 0.466414 0.152043 0.343944 0.505905 0.855373 0.655934 0.142430 0.213080 
0.326212 0.764977 0.354228 0.650624 0.726615 0.629994 0.945158 0.165624 0.781121 0.279183 0.725669 
0.141667 0.394299 0.333018 0.331034 0.683248 0.722068 0.416395 0.109561 0.575854 0.415937 0.049501 
0.575518 0.552873 0.948363 0.298288 0.582293 0.400067 0.423383 0.966002 0.873135 0.929319 0.780847 
0.606800 0.164525 0.352855 0.798608 0.143468 0.419446 0.088992 0.800348 0.369121 0.466018 0.530839 
0.474471 0.115390 0.618244 0.809015 0.710776 0.367962 0.455000 0.079989 0.860591 0.110111 0.413373 
0.370922 0.327494 0.176672 0.352763 0.512253 0.893948 0.898556 0.745964 0.189764 0.690664 0.819514 
0.653249 0.646748 0.214820 0.266854 0.136296 0.067873 0.303354 0.056520 0.267403 0.176214 0.467544 
0.114200 0.390973 0.073855 0.495071 0.294015 0.792932 0.858547 0.726218 0.175268 0.434828 0.046358 
0.909787 0.119480 0.908597 0.332987 0.045534 0.367962 0.268014 0.723258 0.119297 0.461898 0.893918 
0.561815 0.136601 0.766045 0.048097 0.495163 0.361705 0.376812 0.273690 0.896451 0.167669 0.196875 
0.296945 0.784692 0.404340 0.456526 0.587481 0.769097 0.689871 0.464003 0.232887 0.050203 0.532365 
0.865230 0.284097 0.008942 0.688070 0.194769 0.227668 0.414716 0.661855 0.999115 0.741234 0.783837 
0.756676 0.313089 0.388501 0.919858 0.578143 0.771661 0.409894 0.166387 0.400311 0.137028 0.265145 
0.404614 0.299173 0.523728 0.084048 0.325602 0.459761 0.101474 0.681845 0.009583 0.563646 0.558641 
0.295053 0.343150 0.662526 0.105777 0.694449 0.305460 0.444441 0.302408 0.831202 0.654897 0.298807 
0.486435 0.672384 0.047273 0.086703 0.088900 0.382305 0.117130 0.022187 0.614673 0.505722 0.553087 
0.571398 0.570055 0.309214 0.698263 0.775445 0.119266 0.937193 0.707968 0.903317 0.750786 0.538316 
0.794824 0.841273 0.734092 0.019196 0.593005 0.124546 0.649434 0.581042 0.173223 0.018189 0.770623 
0.695914 0.739036 0.552690 0.582781 0.678488 0.536088 0.921201 0.215949 0.510178 0.005615 0.144108 
0.076205 0.070864 0.713431 0.407605 0.455123 0.435713 0.085055 0.982269 0.398938 0.392102 0.479415 
0.127842 0.618946 0.834010 0.631092 0.890957 0.723991 0.189245 0.993439 0.201178 0.556597 0.536424 
0.012940 0.172613 0.913633 0.567248 0.866787 0.016541 0.433271 0.051149 0.694235 0.471664 0.929228 
0.958129 0.853847 0.158300 0.953001 0.895413 0.236793 0.762627 0.866604 0.015809 0.168645 0.457076 
0.205908 0.052187 0.929746 0.463576 0.616199 0.635609 0.426252 0.165380 0.141392 0.552599 0.043062 
0.674306 0.148076 0.098575 0.209082 0.258644 0.665365 0.182684 0.706992 0.539659 0.422224 0.341258 
0.258339 0.860805 0.363109 0.315561 0.415418 0.737846 0.923612 0.350108 0.290536 0.795007 0.846858 
0.868374 0.155156 0.093631 0.822382 0.681021 0.438765 0.259743 0.728477 0.384350 0.159734 0.316721 
0.759087 0.103824 0.319102 0.629261 0.217139 0.239937 0.288247 0.864925 0.254707 0.371990 0.722190 
0.379528 0.341990 0.976684 0.029298 0.932554 0.745903 0.116947 0.929350 0.138981 0.799768 0.758293 
0.129917 0.563616 0.245125 0.867763 0.654256 0.864315 0.427381 0.952788 0.849544 0.890194 0.625782 
0.195532 0.609241 0.141240 0.299753 0.839351 0.838710 0.495560 0.532395 0.983154 0.696677 0.610279 
0.452406 0.440535 0.643208 0.902676 0.915830 0.819514 0.825434 0.517533 0.228950 0.479110 0.832820 
0.187262 0.193243 0.519333 0.352214 0.390515 0.254006 0.460311 0.755272 0.716239 0.033540 0.767541 
0.148015 0.838832 0.030671 0.878658 0.915220 0.010926 0.767266 0.888821 0.289560 0.480056 0.163305 
0.550127 0.978027 0.735374 0.421857 0.742180 0.375622 0.990539 0.204993 0.069124 0.398724 0.809503 
0.381878 0.740440 0.468490 0.280953 0.130497 0.390545 0.676016 0.647664 0.674062 0.994812 0.660360 
0.797449 0.433576 0.536790 0.230903 0.521622 0.877499 0.584368 0.264748 0.947142 0.849971 0.429762 
0.911008 0.049013 0.658834 0.950652 0.632893 0.648976 0.704733 0.847957 0.119022 0.806604 0.932371 
0.417096 0.595111 0.009491 0.885189 0.508438 0.567064 0.068453 0.645222 0.833705 0.527329 0.123783 
0.438398 0.273965 0.655202 0.669485 0.187567 0.346416 0.042360 0.000946 0.793847 0.484939 0.475539 
0.993316 0.427717 0.291818 0.306406 0.615192 0.611164 0.416364 0.441206 0.085971 0.372204 0.216498 
0.980377 0.081301 0.252724 0.860103 0.540025 0.893979 0.451155 0.021699 0.786309 0.955809 0.881314 
0.831660 0.213660 0.627583 0.428205 0.232826 0.698874 0.662343 0.182714 0.402387 0.861385 0.249123 
0.935820 0.393902 0.761711 0.042756 0.713645 0.656484 0.968993 0.086367 0.635334 0.587207 0.528794 
0.032746 0.873959 0.772912 0.862728 0.570696 0.002258 0.077700 0.130863 0.462661 0.504715 0.232521 
0.088229 0.100284 0.736351 0.082705 0.966918 0.983276 0.110599 0.150182 0.414441 0.028657 0.796625 
0.666311 0.020478 0.116520 0.707694 0.731620 0.462386 0.777795 0.061800 0.758873 0.801172 0.431440 
0.295999 0.855525 0.959227 0.076388 0.615253 0.301706 0.910886 0.844813 0.957335 0.780572 0.617054 
0.323191 0.655202 0.516434 0.235389 0.046937 0.577685 0.977599 0.636952 0.075289 0.029939 0.299692 
0.760765 0.052492 0.195105 0.086337 0.837703 0.661428 0.397931 0.742546 0.014527 0.876278 0.972259 
0.997833 0.409833 0.920133 0.012940 0.774987 0.132420 0.333934 0.794092 0.060976 0.294473 0.063143 
0.134251 0.935636 0.549516 0.967925 0.490493 0.415082 0.187323 0.663717 0.061800 0.266030 0.316721 
0.097995 0.683981 0.446547 0.167394 0.769738 0.796350 0.330424 0.042207 0.997345 0.262307 0.370952 
0.951140 0.142155 0.324534 0.360118 0.457900 0.192999 0.476150 0.940214 0.771172 0.618244 0.529221 
0.523087 0.610645 0.891934 0.661763 0.274453 0.880276 0.599780 0.724479 0.318430 0.678854 0.531663 
0.588610 0.819239 0.680258 0.666463 0.815851 0.096011 0.413739 0.456038 0.432051 0.427320 0.475967 
0.314066 0.085391 0.700919 0.205878 0.716178 0.370952 0.565935 0.853969 0.817835 0.602039 0.242958 
0.776513 0.996002 0.810511 0.648732 0.686728 0.220679 0.256478 0.991363 0.493881 0.663228 0.229530 
0.492752 0.761315 0.446547 0.421552 0.394055 0.314890 0.945036 0.653584 0.900571 0.033357 0.538591 
0.237220 0.222388 0.351238 0.228889 0.752220 0.367168 0.506058 0.022492 0.520951 0.840663 0.060945 
0.488327 0.561907 0.912168 0.733909 0.394848 0.302591 0.600482 0.064791 0.833766 0.833583 0.036714 
0.951781 0.736259 0.984802 0.360515 0.587695 0.188116 0.005249 0.805567 0.828700 0.449782 0.127903 
0.130863 0.525040 0.087832 0.799829 0.054048 0.846797 0.124088 0.860408 0.842708 0.134190 0.608478 
0.447523 0.720298 0.305246 0.521897 0.913846 0.242714 0.350841 0.415601 0.533799 0.301920 0.949187 
0.693045 0.283120 0.912656 0.730491 0.940489 0.471755 0.438459 0.223457 0.212897 0.511551 0.413892 
0.014649 0.680960 0.599994 0.618122 0.151799 0.545732 0.601093 0.557024 0.322611 0.627186 0.905118 
0.009827 0.840480 0.532762 0.547502 0.796228 0.967498 0.812311 0.369488 0.420484 0.607288 0.005585 
0.500412 0.748924 0.897763 0.988525 0.943907 0.376690 0.735588 0.524522 0.548601 0.840266 0.763726 
0.427473 0.145085 0.331980 0.852992 0.241707 0.130009 0.072695 0.608936 0.846400 0.278603 0.998871 
0.935484 0.889584 0.067080 0.920469 0.186407 0.458693 0.286203 0.805689 0.936125 0.893918 0.226753 
0.349071 0.900327 0.149754 0.218787 0.478835 0.039033 0.612415 0.805689 0.960051 0.372051 0.777795 
0.333872 0.749687 0.538499 0.697684 0.240364 0.260079 0.632008 0.599445 0.818293 0.186621 0.342479 
0.585742 0.742393 0.056063 0.935698 0.820856 0.135777 0.152135 0.101871 0.109195 0.458480 0.974120 
0.205176 0.273202 0.999878 0.884823 0.964232 0.235572 0.255684 0.104465 0.095767 0.213569 0.971252 
0.706381 0.952696 0.930448 0.131596 0.770837 0.687033 0.250771 0.680624 0.353618 0.969970 0.145970 
0.249428 0.424970 0.799463 0.396039 0.676260 0.435682 0.427137 0.933988 0.598163 0.666280 0.935728 
0.238868 0.896695 0.015778 0.497665 0.684317 0.277810 0.386151 0.847255 0.247810 0.768395 0.318491 
0.996246 0.488113 0.409467 0.037751 0.725425 0.196173 0.928404 0.561663 0.882595 0.626148 0.670492 
0.030366 0.018220 0.712882 0.571917 0.913388 0.390637 0.181890 0.454665 0.249001 0.871395 0.958251 
0.425123 0.574145 0.782220 0.780175 0.657430 0.698904 0.195013 0.424665 0.342723 0.983825 0.725974 
0.450056 0.085879 0.275002 0.354839 0.862636 0.530534 0.153691 0.301309 0.613392 0.494064 0.656697 
0.488723 0.331126 0.393353 0.123508 0.627400 0.197974 0.243049 0.327097 0.448042 0.373852 0.007324 
0.543474 0.116916 0.875942 0.586169 0.717704 0.363994 0.319620 0.217933 0.381237 0.355022 0.426832 
0.579089 0.477920 0.839228 0.708396 0.362377 0.754082 0.603320 0.226142 0.614948 0.869594 0.763970 
0.841914 0.617328 0.885769 0.928678 0.858455 0.584674 0.286477 0.757683 0.459609 0.971679 0.188726 
0.957121 0.855617 0.661977 0.898892 0.235267 0.539293 0.824000 0.470992 0.252846 0.560320 0.713523 
0.423109 0.098666 0.222938 0.205329 0.268258 0.322092 0.114078 0.334178 0.015961 0.053102 0.867519 
0.626972 0.300882 0.241920 0.570727 0.507126 0.294443 0.548570 0.220649 0.552721 0.056032 0.914365 
0.134495 0.888974 0.480026 0.346202 0.721671 0.496994 0.494522 0.945036 0.523576 0.719932 0.668447 
0.709677 0.927091 0.747215 0.883053 0.147282 0.458083 0.359020 0.224036 0.221686 0.061464 0.711509 
0.750999 0.671010 0.273537 0.444227 0.299417 0.225318 0.693381 0.891415 0.972777 0.756493 0.659169 
0.677541 0.479904 0.890378 0.535936 0.479446 0.974548 0.113468 0.520981 0.235237 0.553026 0.904874 
0.372753 0.581957 0.066378 0.924894 0.970305 0.803034 0.403211 0.791437 0.108615 0.066530 0.899442 
0.475845 0.436903 0.236061 0.031190 0.848689 0.945372 0.034791 0.047578 0.407575 0.907315 0.844386 
0.698538 0.717673 0.682546 0.920042 0.714988 0.596301 0.288095 0.302713 0.197211 0.573168 0.143254 
0.209845 0.567644 0.657064 0.894192 0.185919 0.244179 0.940306 0.725059 0.793878 0.690725 0.072726 
0.062014 0.129002 0.000732 0.135716 0.075503 0.936308 0.670400 0.947966 0.888058 0.612354 0.717277 
0.334147 0.893124 0.873653 0.801111 0.387890 0.091800 0.371746 0.502670 0.259743 0.853114 0.037355 
0.417280 0.502243 0.004334 0.433760 0.218818 0.502518 0.658071 0.901547 0.350719 0.034181 0.681356 
0.775628 0.500290 0.459700 0.213935 0.455489 0.512314 0.614154 0.141606 0.610614 0.898648 0.902219 
0.930692 0.301462 0.599292 0.638874 0.730216 0.298105 0.152165 0.165990 0.147984 0.377239 0.927091 
0.775170 0.606708 0.878811 0.580340 0.968566 0.686209 0.303873 0.386517 0.088931 0.358623 0.234718 
0.603290 0.850185 0.522050 0.358287 0.525742 0.799066 0.739586 0.874599 0.386425 0.240425 0.589373 
0.070925 0.757286 0.656178 0.532609 0.343760 0.609882 0.149632 0.704947 0.448469 0.690054 0.946806 
0.538438 0.259590 0.363170 0.485153 0.619312 0.821436 0.586474 0.122044 0.688803 0.971465 0.164525 
0.992920 0.192450 0.316782 0.944334 0.051668 0.284677 0.845882 0.105686 0.823664 0.694662 0.955779 
0.204047 0.902890 0.359600 0.176855 0.121158 0.724540 0.232246 0.376324 0.580493 0.644276 0.167913 
0.720908 0.382946 0.855312 0.298410 0.180975 0.020081 0.174718 0.798120 0.857082 0.820002 0.229987 
0.449019 0.909391 0.282968 0.077364 0.911008 0.372448 0.762749 0.783044 0.103183 0.635853 0.149754 
qtd epocas = 161


vetor com as saidas desejadas:
0.061100 0.286000 0.746400 0.483100 
0.510200 0.746400 0.086000 0.596500 
0.000400 0.691600 0.500600 0.531800 
0.943000 0.447600 0.264800 0.684300 
0.139900 0.161000 0.247700 0.287200 
0.642300 0.322900 0.856700 0.766300 
0.649200 0.000700 0.642200 0.566600 
0.181800 0.507800 0.904600 0.660100 
0.738200 0.264700 0.191600 0.542700 
0.387900 0.130700 0.865600 0.583600 
0.190300 0.652300 0.782000 0.695000 
0.840100 0.449000 0.271900 0.679000 
0.002900 0.326400 0.247600 0.295600 
0.708800 0.934200 0.276300 0.774200 
0.128300 0.188200 0.725300 0.466200 
0.888200 0.307700 0.893100 0.809300 
0.222500 0.918200 0.782000 0.758100 
0.195700 0.842300 0.308500 0.582600 
0.999100 0.591400 0.393300 0.793800 
y = 0.507045
y = 0.514095
y = 0.521147
y = 0.528199
y = 0.535247
y = 0.542289
y = 0.549322
y = 0.556343
y = 0.563349
y = 0.570338
y = 0.577307
y = 0.584252
y = 0.591172
y = 0.598064
y = 0.604924
y = 0.611751
y = 0.618542
y = 0.625294
y = 0.632005
y = 0.638672
