vetor pesos sinapticos original:
0.282815 0.044710 0.927000 0.613636 
0.541307 0.332133 0.128239 0.063662 
0.297250 0.943144 0.066683 0.709281 
0.651418 0.986297 0.684805 0.418806 
0.411237 0.301370 0.176580 0.970214 
0.663320 0.867367 0.388958 0.971465 
0.636891 0.336955 0.842555 0.923826 
0.139286 0.854915 0.902615 0.833583 
0.345347 0.815271 0.131596 0.279275 
0.221259 0.714499 0.355022 0.339915 
0.364483 0.756737 0.470717 0.290872 
0.541093 0.366955 0.534349 0.473739 
0.701437 0.268838 0.150761 0.246132 
0.755669 0.283120 0.703909 0.417737 
0.890286 0.503128 0.455397 0.079196 
0.706992 0.003265 0.043672 0.229621 
0.964843 0.737266 0.414960 0.109134 
0.207434 0.781701 0.716697 0.643056 
0.056063 0.581957 0.185492 0.903195 
0.449934 0.356120 0.560350 0.993439 
0.615070 0.313181 0.052431 0.264992 
0.042970 0.842402 0.402905 0.268471 
0.260353 0.329051 0.059725 0.347972 
0.670919 0.753960 0.004944 0.284310 
0.250832 0.731925 0.263619 0.893521 
0.379009 0.146275 0.625660 0.986053 
0.583239 0.035310 0.611621 0.594317 
0.483688 0.886654 0.214240 0.873531 
0.714927 0.996246 0.446303 0.582720 
0.107608 0.048280 0.226447 0.552263 
0.911435 0.571795 0.634358 0.043794 
0.339946 0.430342 0.065889 0.409101 
0.219245 0.001556 0.320414 0.953887 
0.021332 0.202094 0.150456 0.413068 
0.063356 0.014496 0.305979 0.943632 
0.154271 0.672597 0.603717 0.041078 
0.469955 0.160924 0.053255 0.286416 
0.938078 0.185247 0.571276 0.328867 
0.914060 0.269662 0.314249 0.011689 
0.429151 0.137242 0.162358 0.046541 
0.792230 0.029908 0.384411 0.143040 
0.826106 0.124119 0.015992 0.999573 
0.520157 0.698477 0.981750 0.061647 
0.379925 0.209387 0.492630 0.454390 
0.255409 0.931639 0.750603 0.994568 
0.929136 0.318949 0.490341 0.689413 
0.245003 0.742271 0.390698 0.627857 
0.059847 0.760613 0.886349 0.670553 
0.798090 0.581805 0.410901 0.845058 
0.891202 0.868740 0.603381 0.852229 
0.883572 0.547411 0.508225 0.590320 
0.485092 0.773644 0.301218 0.102878 
0.352824 0.713797 0.571673 0.856777 
0.881802 0.296304 0.692862 0.756157 
0.787378 0.590411 0.311167 0.799768 
0.759697 0.967711 0.486099 0.786248 
0.971465 0.703421 0.511490 0.975188 
0.720756 0.173376 0.949950 0.108951 
0.989715 0.302774 0.911161 0.702658 
0.200507 0.423200 0.105838 0.007355 
0.949919 0.194189 0.706229 0.553941 
0.003327 0.745506 0.544328 0.682699 
0.330454 0.696188 0.679495 0.966155 
0.462447 0.206946 0.866268 0.930021 
0.953215 0.722129 0.954009 0.979949 
0.225166 0.556963 0.749260 0.939024 
0.581103 0.987304 0.372326 0.103030 
0.663137 0.997162 0.639210 0.219825 
0.140629 0.340831 0.500198 0.298257 
0.907315 0.075930 0.066469 0.653859 
0.569781 0.222907 0.255593 0.096927 
0.508225 0.708182 0.587542 0.669454 
0.290475 0.246559 0.162481 0.837153 
0.721152 0.319468 0.351238 0.542772 
0.306345 0.904904 0.229926 0.027039 
0.416181 0.115848 0.290201 0.823511 
0.925291 0.403027 0.455794 0.833125 
0.613483 0.478317 0.937315 0.885678 
0.107181 0.615192 0.955809 0.693381 
0.643391 0.482315 0.867061 0.603473 
0.436659 0.166631 0.717307 0.055818 
0.931547 0.542192 0.761956 0.151952 
0.720450 0.640797 0.978362 0.241554 
0.409101 0.180944 0.103977 0.932890 
0.210334 0.911283 0.231452 0.433180 
0.547868 0.924589 0.490982 0.625477 
0.450758 0.598834 0.852565 0.787957 
0.020447 0.321604 0.578021 0.362163 
0.751305 0.653493 0.354961 0.676260 
0.985504 0.087710 0.643757 0.029481 
0.284524 0.061464 0.268197 0.044618 
0.997620 0.375317 0.782037 0.693747 
0.808557 0.677328 0.641865 0.904355 
0.542741 0.167821 0.718070 0.151799 
0.014740 0.180944 0.174688 0.944395 
0.198370 0.799524 0.250008 0.606952 
0.500320 0.159490 0.968383 0.269936 
0.418409 0.599841 0.315256 0.469588 
0.366039 0.314585 0.906369 0.265664 
0.943663 0.663015 0.681936 0.283090 
0.438917 0.794244 0.657979 0.583789 
0.836665 0.742576 0.265206 0.774529 
0.119724 0.649831 0.307169 0.257637 
0.142125 0.270821 0.068789 0.030427 
0.855831 0.418317 0.606525 0.939756 
0.171972 0.503586 0.751335 0.797693 
0.238685 0.829127 0.855983 0.265175 
0.415479 0.789422 0.817652 0.909177 
0.726676 0.636219 0.406995 0.339915 
0.074343 0.964415 0.435438 0.834651 
0.992523 0.575060 0.791314 0.353893 
0.223121 0.871517 0.876492 0.356487 
0.896176 0.444838 0.474776 0.319590 
0.594073 0.005249 0.583026 0.370434 
0.082369 0.315287 0.236427 0.935087 
0.987548 0.281167 0.859340 0.811487 
0.203284 0.858821 0.172369 0.572375 
0.306864 0.930326 0.187963 0.704520 
0.766167 0.807520 0.324534 0.390698 
0.218909 0.518784 0.171270 0.340220 
0.606006 0.535234 0.934690 0.574877 
0.438856 0.092410 0.097720 0.575823 
0.983306 0.764519 0.323374 0.698447 
0.640522 0.446120 0.133396 0.260750 
0.306528 0.398785 0.393811 0.212043 
0.991516 0.518418 0.138279 0.787713 
0.479965 0.479202 0.760643 0.056703 
0.313364 0.911191 0.107761 0.768059 
0.876186 0.266823 0.504105 0.402051 
0.866726 0.533860 0.239051 0.833003 
0.933897 0.449538 0.548692 0.509598 
0.761406 0.373333 0.622517 0.559038 
0.380413 0.474197 0.667226 0.721152 
0.991760 0.388195 0.558092 0.518998 
0.079470 0.003510 0.109653 0.571917 
0.096500 0.528367 0.496750 0.457595 
0.503830 0.498306 0.857082 0.028901 
0.444288 0.879666 0.606861 0.592425 
0.832820 0.924314 0.500504 0.854183 
0.143406 0.933256 0.965636 0.039552 
0.675161 0.584246 0.744835 0.093051 
0.577380 0.980316 0.375378 0.364452 
0.416547 0.075014 0.537858 0.687582 
0.564776 0.631367 0.805261 0.257698 
0.192267 0.369579 0.823939 0.214515 
0.144475 0.461043 0.457228 0.335765 
0.485000 0.023957 0.923185 0.749016 
0.986053 0.777429 0.457839 0.066805 
0.347240 0.509476 0.535081 0.852443 
0.424451 0.516617 0.174413 0.821467 
0.249153 0.669546 0.367687 0.686087 
0.120640 0.262398 0.156529 0.048524 
0.551195 0.301737 0.391247 0.249153 
0.346477 0.390606 0.702506 0.576006 
0.601672 0.865078 0.717368 0.742180 
0.894925 0.338725 0.050600 0.036561 
0.459456 0.311686 0.102664 0.055177 
0.615223 0.000366 0.195593 0.418470 
0.241707 0.044099 0.077944 0.381237 
0.573046 0.245003 0.330210 0.741478 
0.096438 0.997253 0.701865 0.954344 
0.835658 0.562181 0.911344 0.857326 
0.800226 0.845271 0.939970 0.913022 
0.882076 0.831294 0.351573 0.375805 
0.980773 0.333872 0.668569 0.288491 
0.638203 0.215979 0.335734 0.715415 
0.964690 0.737144 0.303659 0.117924 
0.136998 0.183844 0.762017 0.279092 
0.250099 0.439650 0.054811 0.682852 
0.803644 0.650746 0.308512 0.755119 
0.604328 0.643513 0.804102 0.872158 
0.365673 0.250404 0.624714 0.542772 
0.786401 0.200262 0.609912 0.670736 
0.388165 0.729118 0.147771 0.303262 
0.894925 0.568163 0.836085 0.772485 
0.433882 0.464980 0.543992 0.635304 
0.340587 0.893948 0.905454 0.318705 
0.848384 0.112644 0.775201 0.876125 
0.443922 0.220008 0.679159 0.761437 
0.170232 0.372814 0.790124 0.027009 
0.657888 0.816462 0.460219 0.851558 
0.166173 0.886685 0.840938 0.804376 
0.415448 0.638020 0.622669 0.752281 
0.491287 0.255562 0.424451 0.815241 
0.602496 0.906217 0.865322 0.277230 
0.973998 0.185400 0.848720 0.858242 
0.655232 0.816248 0.090732 0.253914 
0.526444 0.756279 0.424268 0.349254 
0.282907 0.369152 0.909146 0.011872 
0.679495 0.816858 0.280679 0.872311 
0.815638 0.328776 0.767235 0.996063 
0.743034 0.504166 0.807917 0.855281 
0.176702 0.303842 0.702261 0.504929 
0.590869 0.887875 0.722648 0.370678 
0.480636 0.954894 0.720786 0.554003 
0.071230 0.739921 0.759789 0.061464 
0.255562 0.326395 0.802637 0.863918 
0.041627 0.429060 0.988800 0.191870 
0.290963 0.303781 0.529801 0.973815 
0.029176 0.940489 0.755211 0.823023 
0.110324 0.195502 0.340342 0.479598 
0.053568,
0.053566,
0.053566,
0.053564,
0.053564,
0.053562,
0.053562,
0.053561,
0.053561,
0.053559,
0.053559,
0.053557,
0.053557,
0.053555,
0.053555,
0.053553,
0.053553,
0.053551,
0.053551,
0.053549,
0.053549,
0.053547,
0.053547,
0.053545,
0.053545,
0.053543,
0.053543,
0.053541,
0.053541,
0.053540,
0.053540,
0.053538,
0.053538,
0.053536,
0.053536,
0.053534,
0.053534,
0.053532,
0.053532,
0.053530,
0.053530,
0.053528,
0.053528,
0.053526,
0.053526,
0.053524,
0.053524,
0.053522,
0.053522,
0.053521,
0.053521,
0.053519,
0.053519,
0.053517,
0.053517,
0.053515,
0.053515,
0.053513,
0.053513,
0.053511,
0.053511,
0.053509,
0.053509,
0.053507,
0.053507,
0.053505,
0.053505,
0.053504,
0.053504,
0.053502,
0.053502,
0.053500,
0.053500,
0.053498,
0.053498,
0.053496,
0.053496,
0.053494,
0.053494,
0.053492,
0.053492,
0.053490,
0.053490,
0.053488,
0.053488,
0.053486,
0.053486,
0.053485,
0.053485,
0.053483,
0.053483,
0.053481,
0.053481,
0.053479,
0.053479,
0.053477,
0.053477,
0.053475,
0.053475,
0.053473,
0.053473,
0.053471,
0.053471,
0.053470,
0.053470,
0.053468,
0.053468,
0.053466,
0.053466,
0.053464,
0.053464,
0.053462,
0.053462,
0.053460,
0.053460,
0.053458,
0.053458,
0.053456,
0.053456,
0.053454,
0.053454,
0.053453,
0.053453,
0.053451,
0.053451,
0.053449,
0.053449,
0.053447,
0.053447,
0.053445,
0.053445,
0.053443,
0.053443,
0.053441,
0.053441,
0.053439,
0.053439,
0.053438,
0.053438,
0.053436,
0.053436,
0.053434,
0.053434,
0.053432,
0.053432,
0.053430,
0.053430,
0.053428,
0.053428,
0.053426,
0.053426,
0.053424,
0.053424,
0.053423,
0.053423,
0.053421,
0.053421,
0.053419,
0.053419,
0.053417,
0.053417,
0.053415,
0.053415,
0.053413,
0.053413,
0.053411,
0.053411,
0.053409,
0.053409,
0.053408,
0.053408,
0.053406,
0.053406,
0.053404,
0.053404,
0.053402,
0.053402,
0.053400,
0.053400,
0.053398,
0.053398,
0.053396,
0.053396,
0.053395,
0.053395,
0.053393,
0.053393,
0.053391,
0.053391,
0.053389,
0.053389,
0.053387,
0.053387,
0.053385,
0.053385,
0.053383,
0.053383,
0.053382,
0.053382,
0.053380,
0.053380,
0.053378,
0.053378,
0.053376,
0.053376,
0.053374,
0.053374,
0.053372,
0.053372,
0.053370,
0.053370,
0.053369,
0.053369,
0.053367,
0.053367,
0.053365,
0.053365,
0.053363,
0.053363,
0.053361,
0.053361,
0.053359,
0.053359,
0.053357,
0.053357,
0.053356,
0.053356,
0.053354,
0.053354,
0.053352,
0.053352,
0.053350,
0.053350,
0.053348,
0.053348,
0.053346,
0.053346,
0.053344,
0.053344,
0.053343,
0.053343,
0.053341,
0.053341,
0.053339,
0.053339,
0.053337,
0.053337,
0.053335,
0.053335,
0.053333,
0.053333,
0.053332,
0.053332,
0.053330,
0.053330,
0.053328,
0.053328,
0.053326,
0.053326,
0.053324,
0.053324,
0.053322,
0.053322,
0.053320,
0.053320,
0.053319,
0.053319,
0.053317,
0.053317,
0.053315,
0.053315,
0.053313,
0.053313,
0.053311,
0.053311,
0.053309,
0.053309,
0.053308,
0.053308,
0.053306,
0.053306,
0.053304,
0.053304,
0.053302,
0.053302,
0.053300,
0.053300,
0.053298,
0.053298,
0.053297,
0.053297,
0.053295,
0.053295,
0.053293,
0.053293,
0.053291,
0.053291,
0.053289,
0.053289,
0.053287,
0.053287,
0.053286,
0.053286,
0.053284,
0.053284,
0.053282,
0.053282,
0.053280,
0.053280,
0.053278,
0.053278,
0.053276,
0.053276,
0.053275,
0.053275,
0.053273,
0.053273,
0.053271,
0.053271,
0.053269,
0.053269,
0.053267,
0.053267,
0.053265,
0.053265,
0.053264,
0.053264,
0.053262,
0.053262,
0.053260,
0.053260,
0.053258,
0.053258,
0.053256,
0.053256,
0.053254,
0.053254,
0.053253,
0.053253,
0.053251,
0.053251,
0.053249,
0.053249,
0.053247,
0.053247,
0.053245,
0.053245,
0.053244,
0.053244,
0.053242,
0.053242,
0.053240,
0.053240,
0.053238,
0.053238,
0.053236,
0.053236,
0.053234,
0.053234,
0.053233,
0.053233,
0.053231,
0.053231,
0.053229,
0.053229,
0.053227,
0.053227,
0.053225,
0.053225,
0.053224,
0.053224,
0.053222,
0.053222,
0.053220,
0.053220,
0.053218,
0.053218,
0.053216,
0.053216,
0.053214,
0.053214,
0.053213,
0.053213,
0.053211,
0.053211,
0.053209,
0.053209,
0.053207,
0.053207,
0.053205,
0.053205,
0.053204,
0.053204,
0.053202,
0.053202,
0.053200,
0.053200,
0.053198,
0.053198,
0.053196,
0.053196,
0.053195,
0.053195,
0.053193,
0.053193,
0.053191,
0.053191,
0.053189,
0.053189,
0.053187,
0.053187,
0.053186,
0.053186,
0.053184,
0.053184,
0.053182,
0.053182,
0.053180,
0.053180,
0.053178,
0.053178,
0.053177,
0.053177,
0.053175,
0.053175,
0.053173,
0.053173,
0.053171,
0.053171,
0.053169,
0.053169,
0.053167,
0.053167,
0.053166,
0.053166,
0.053164,
0.053164,
0.053162,
0.053162,
0.053160,
0.053160,
0.053159,
0.053159,
0.053157,
0.053157,
0.053155,
0.053155,
0.053153,
0.053153,
0.053151,
0.053151,
0.053150,
0.053150,
0.053148,
0.053148,
0.053146,
0.053146,
0.053144,
0.053144,
0.053142,
0.053142,
0.053141,
0.053141,
0.053139,
0.053139,
0.053137,
0.053137,
0.053135,
0.053135,
0.053133,
0.053133,
0.053132,
0.053132,
0.053130,
0.053130,
0.053128,
0.053128,
0.053126,
0.053126,
0.053124,
0.053124,
0.053123,
0.053123,
0.053121,
0.053121,
0.053119,
0.053119,
0.053117,
0.053117,
0.053116,
0.053116,
0.053114,
0.053114,
0.053112,
0.053112,
0.053110,
0.053110,
0.053108,
0.053108,
0.053107,
0.053107,
0.053105,
0.053105,
0.053103,
0.053103,
0.053101,
0.053101,
0.053099,
0.053099,
0.053098,
0.053098,
0.053096,
0.053096,
0.053094,
0.053094,
0.053092,
0.053092,
0.053091,
0.053091,
0.053089,
0.053089,
0.053087,
0.053087,
0.053085,
0.053085,
0.053083,
0.053083,
0.053082,
0.053082,
0.053080,
0.053080,
0.053078,
0.053078,
0.053076,
0.053076,
0.053075,
0.053075,
0.053073,
0.053073,
0.053071,
0.053071,
0.053069,
0.053069,
0.053067,
0.053067,
0.053066,
0.053066,
0.053064,
0.053064,
0.053062,
0.053062,
0.053060,
0.053060,
0.053059,
0.053059,
0.053057,
0.053057,
0.053055,
0.053055,
0.053053,
0.053053,
0.053052,
0.053052,
0.053050,
0.053050,
0.053048,
0.053048,
0.053046,
0.053046,
0.053044,
0.053044,
0.053043,
0.053043,
0.053041,
0.053041,
0.053039,
0.053039,
0.053037,
0.053037,
0.053036,
0.053036,
0.053034,
0.053034,
0.053032,
0.053032,
0.053030,
0.053030,
0.053029,
0.053029,
0.053027,
0.053027,
0.053025,
0.053025,
0.053023,
0.053023,
0.053022,
0.053022,
0.053020,
0.053020,
0.053018,
0.053018,
0.053016,
0.053016,
0.053015,
0.053015,
0.053013,
0.053013,
0.053011,
0.053011,
0.053009,
0.053009,
0.053008,
0.053008,
0.053006,
0.053006,
0.053004,
0.053004,
0.053002,
0.053002,
0.053000,
0.053000,
0.052999,
0.052999,
0.052997,
0.052997,
0.052995,
0.052995,
0.052993,
0.052993,
0.052992,
0.052992,
0.052990,
0.052990,
0.052988,
0.052988,
0.052986,
0.052986,
0.052985,
0.052985,
0.052983,
0.052983,
0.052981,
0.052981,
0.052979,
0.052979,
0.052978,
0.052978,
0.052976,
0.052976,
0.052974,
0.052974,
0.052972,
0.052972,
0.052971,
0.052971,
0.052969,
0.052969,
0.052967,
0.052967,
0.052966,
0.052966,
0.052964,
0.052964,
0.052962,
0.052962,
0.052960,
0.052960,
0.052959,
0.052959,
0.052957,
0.052957,
0.052955,
0.052955,
0.052953,
0.052953,
0.052952,
0.052952,
0.052950,
0.052950,
0.052948,
0.052948,
0.052946,
0.052946,
0.052945,
0.052945,
0.052943,
0.052943,
0.052941,
0.052941,
0.052939,
0.052939,
0.052938,
0.052938,
0.052936,
0.052936,
0.052934,
0.052934,
0.052932,
0.052932,
0.052931,
0.052931,
0.052929,
0.052929,
0.052927,
0.052927,
0.052926,
0.052926,
0.052924,
0.052924,
0.052922,
0.052922,
0.052920,
0.052920,
0.052919,
0.052919,
0.052917,
0.052917,
0.052915,
0.052915,
0.052913,
0.052913,
0.052912,
0.052912,
0.052910,
0.052910,
0.052908,
0.052908,
0.052906,
0.052906,
0.052905,
0.052905,
0.052903,
0.052903,
0.052901,
0.052901,
0.052900,
0.052900,
0.052898,
0.052898,
0.052896,
0.052896,
0.052894,
0.052894,
0.052893,
0.052893,
0.052891,
0.052891,
0.052889,
0.052889,
0.052887,
0.052887,
0.052886,
0.052886,
0.052884,
0.052884,
0.052882,
0.052882,
0.052881,
0.052881,
0.052879,
0.052879,
0.052877,
0.052877,
0.052875,
0.052875,
0.052874,
0.052874,
0.052872,
0.052872,
0.052870,
0.052870,
0.052869,
0.052869,
0.052867,
0.052867,
0.052865,
0.052865,
0.052863,
0.052863,
0.052862,
0.052862,
0.052860,
0.052860,
0.052858,
0.052858,
0.052857,
0.052857,
0.052855,
0.052855,
0.052853,
0.052853,
0.052851,
0.052851,
0.052850,
0.052850,
0.052848,
0.052848,
0.052846,
0.052846,
0.052845,
0.052845,
0.052843,
0.052843,
0.052841,
0.052841,
0.052839,
0.052839,
0.052838,
0.052838,
0.052836,
0.052836,
0.052834,
0.052834,
0.052833,
0.052833,
0.052831,
0.052831,
0.052829,
0.052829,
0.052827,
0.052827,
0.052826,
0.052826,
0.052824,
0.052824,
0.052822,
0.052822,
0.052821,
0.052821,
0.052819,
0.052819,
0.052817,
0.052817,
0.052816,
0.052816,
0.052814,
0.052814,
0.052812,
0.052812,
0.052810,
0.052810,
0.052809,
0.052809,
0.052807,
0.052807,
0.052805,
0.052805,
0.052804,
0.052804,
0.052802,
0.052802,
0.052800,
0.052800,
0.052799,
0.052799,
0.052797,
0.052797,
0.052795,
0.052795,
0.052793,
0.052793,
0.052792,
0.052792,
0.052790,
0.052790,
0.052788,
0.052788,
0.052787,
0.052787,
0.052785,
0.052785,
0.052783,
0.052783,
0.052782,
0.052782,
0.052780,
0.052780,
0.052778,
0.052778,
0.052777,
0.052777,
0.052775,
0.052775,
0.052773,
0.052773,
0.052771,
0.052771,
0.052770,
0.052770,
0.052768,
0.052768,
0.052766,
0.052766,
0.052765,
0.052765,
0.052763,
0.052763,
0.052761,
0.052761,
0.052760,
0.052760,
0.052758,
0.052758,
0.052756,
0.052756,
0.052755,
0.052755,
0.052753,
0.052753,
0.052751,
0.052751,
0.052749,
0.052749,
0.052748,
0.052748,
0.052746,
0.052746,
0.052744,
0.052744,
0.052743,
0.052743,
0.052741,
0.052741,
0.052739,
0.052739,
0.052738,
0.052738,
0.052736,
0.052736,
0.052734,
0.052734,
0.052733,
0.052733,
0.052731,
0.052731,
0.052729,
0.052729,
0.052728,
0.052728,
0.052726,
0.052726,
0.052724,
0.052724,
0.052723,
0.052723,
0.052721,
0.052721,
0.052719,
0.052719,
0.052718,
0.052718,
0.052716,
0.052716,
0.052714,
0.052714,
0.052713,
0.052713,
0.052711,
0.052711,
0.052709,
0.052709,
0.052708,
0.052708,
0.052706,
0.052706,
0.052704,
0.052704,
0.052702,
0.052702,
0.052701,
0.052701,
0.052699,
0.052699,
0.052697,
0.052697,
0.052696,
0.052696,
0.052694,
0.052694,
0.052692,
0.052692,
0.052691,
0.052691,
0.052689,
0.052689,
0.052687,
0.052687,
0.052686,
0.052686,
0.052684,
0.052684,
0.052682,
0.052682,
0.052681,
0.052681,
0.052679,
0.052679,
0.052677,
0.052677,
0.052676,
0.052676,
0.052674,
0.052674,
0.052672,
0.052672,
0.052671,
0.052671,
0.052669,
0.052669,
0.052667,
0.052667,
0.052666,
0.052666,
0.052664,
0.052664,
0.052662,
0.052662,
0.052661,
0.052661,
0.052659,
0.052659,
0.052657,
0.052657,
0.052656,
0.052656,
0.052654,
0.052654,
0.052653,
0.052653,
0.052651,
0.052651,
0.052649,
0.052649,
0.052648,
0.052648,
0.052646,
0.052646,
0.052644,
0.052644,
0.052643,
0.052643,
0.052641,
0.052641,
0.052639,
0.052639,
0.052638,
0.052638,
0.052636,
0.052636,
0.052634,
0.052634,
0.052633,
0.052633,
0.052631,
0.052631,
0.052629,
0.052629,
0.052628,
0.052628,
0.052626,
0.052626,
0.052624,
0.052624,
0.052623,
0.052623,
0.052621,
0.052621,
0.052619,
0.052619,
0.052618,
0.052618,
0.052616,
0.052616,
0.052614,
0.052614,
0.052613,
0.052613,
0.052611,
0.052611,
0.052610,
0.052610,
0.052608,
0.052608,
0.052606,
0.052606,
0.052605,
0.052605,
0.052603,
0.052603,
0.052601,
0.052601,
0.052600,
0.052600,
0.052598,
0.052598,
0.052596,
0.052596,
0.052595,
0.052595,
0.052593,
0.052593,
0.052591,
0.052591,
0.052590,
0.052590,
0.052588,
0.052588,
0.052587,
0.052587,
0.052585,
0.052585,
0.052583,
0.052583,
0.052582,
0.052582,
0.052580,
0.052580,
0.052578,
0.052578,
0.052577,
0.052577,
0.052575,
0.052575,
0.052573,
0.052573,
0.052572,
0.052572,
0.052570,
0.052570,
0.052569,
0.052569,
0.052567,
0.052567,
0.052565,
0.052565,
0.052564,
0.052564,
0.052562,
0.052562,
0.052560,
0.052560,
0.052559,
0.052559,
0.052557,
0.052557,
0.052555,
0.052555,
0.052554,
0.052554,
0.052552,
0.052552,
0.052551,
0.052551,
0.052549,
0.052549,
0.052547,
0.052547,
0.052546,
0.052546,
0.052544,
0.052544,
0.052542,
0.052542,
0.052541,
0.052541,
0.052539,
0.052539,
0.052538,
0.052538,
0.052536,
0.052536,
0.052534,
0.052534,
0.052533,
0.052533,
0.052531,
0.052531,
0.052529,
0.052529,
0.052528,
0.052528,
0.052526,
0.052526,
0.052525,
0.052525,
0.052523,
0.052523,
0.052521,
0.052521,
0.052520,
0.052520,
0.052518,
0.052518,
0.052516,
0.052516,
0.052515,
0.052515,
0.052513,
0.052513,
0.052512,
0.052512,
0.052510,
0.052510,
0.052508,
0.052508,
0.052507,
0.052507,
0.052505,
0.052505,
0.052503,
0.052503,
0.052502,
0.052502,
0.052500,
0.052500,
0.052499,
0.052499,
0.052497,
0.052497,
0.052495,
0.052495,
0.052494,
0.052494,
0.052492,
0.052492,
0.052491,
0.052491,
0.052489,
0.052489,
0.052487,
0.052487,
0.052486,
0.052486,
0.052484,
0.052484,
0.052482,
0.052482,
0.052481,
0.052481,
0.052479,
0.052479,
0.052478,
0.052478,
0.052476,
0.052476,
0.052474,
0.052474,
0.052473,
0.052473,
0.052471,
0.052471,
0.052470,
0.052470,
0.052468,
0.052468,
0.052466,
0.052466,
0.052465,
0.052465,
0.052463,
0.052463,
0.052462,
0.052462,
0.052460,
0.052460,
0.052458,
0.052458,
0.052457,
0.052457,
0.052455,
0.052455,
0.052453,
0.052453,
0.052452,
0.052452,
0.052450,
0.052450,
0.052449,
0.052449,
0.052447,
0.052447,
0.052445,
0.052445,
0.052444,
0.052444,
0.052442,
0.052442,
0.052441,
0.052441,
0.052439,
0.052439,
0.052437,
0.052437,
0.052436,
0.052436,
0.052434,
0.052434,
0.052433,
0.052433,
0.052431,
0.052431,
0.052429,
0.052429,
0.052428,
0.052428,
0.052426,
0.052426,
0.052425,
0.052425,
0.052423,
0.052423,
0.052421,
0.052421,
0.052420,
0.052420,
0.052418,
0.052418,
0.052417,
0.052417,
0.052415,
0.052415,
0.052414,
0.052414,
0.052412,
0.052412,
0.052410,
0.052410,
0.052409,
0.052409,
0.052407,
0.052407,
0.052406,
0.052406,
0.052404,
0.052404,
0.052402,
0.052402,
0.052401,
0.052401,
0.052399,
0.052399,
0.052398,
0.052398,
0.052396,
0.052396,
0.052394,
0.052394,
0.052393,
0.052393,
0.052391,
0.052391,
0.052390,
0.052390,
0.052388,
0.052388,
0.052386,
0.052386,
0.052385,
0.052385,
0.052383,
0.052383,
0.052382,
0.052382,
0.052380,
0.052380,
0.052379,
0.052379,
0.052377,
0.052377,
0.052375,
0.052375,
0.052374,
0.052374,
0.052372,
0.052372,
0.052371,
0.052371,
0.052369,
0.052369,
0.052367,
0.052367,
0.052366,
0.052366,
0.052364,
0.052364,
0.052363,
0.052363,
0.052361,
0.052361,
0.052360,
0.052360,
0.052358,
0.052358,
0.052356,
0.052356,
0.052355,
0.052355,
0.052353,
0.052353,
0.052352,
0.052352,
0.052350,
0.052350,
0.052349,
0.052349,
0.052347,
0.052347,
0.052345,
0.052345,
0.052344,
0.052344,
0.052342,
0.052342,
0.052341,
0.052341,
0.052339,
0.052339,
0.052338,
0.052338,
0.052336,
0.052336,
0.052334,
0.052334,
0.052333,
0.052333,
0.052331,
0.052331,
0.052330,
0.052330,
0.052328,
0.052328,
0.052327,
0.052327,
0.052325,
0.052325,
0.052323,
0.052323,
0.052322,
0.052322,
0.052320,
0.052320,
0.052319,
0.052319,
0.052317,
0.052317,
0.052316,
0.052316,
0.052314,
0.052314,
0.052312,
0.052312,
0.052311,
0.052311,
0.052309,
0.052309,
0.052308,
0.052308,
0.052306,
0.052306,
0.052305,
0.052305,
0.052303,
0.052303,
0.052301,
0.052301,
0.052300,
0.052300,
0.052298,
0.052298,
0.052297,
0.052297,
0.052295,
0.052295,
0.052294,
0.052294,
0.052292,
0.052292,
0.052290,
0.052290,
0.052289,
0.052289,
0.052287,
0.052287,
0.052286,
0.052286,
0.052284,
0.052284,
0.052283,
0.052283,
0.052281,
0.052281,
0.052280,
0.052280,
0.052278,
0.052278,
0.052276,
0.052276,
0.052275,
0.052275,
0.052273,
0.052273,
0.052272,
0.052272,
0.052270,
0.052270,
0.052269,
0.052269,
0.052267,
0.052267,
0.052266,
0.052266,
0.052264,
0.052264,
0.052262,
0.052262,
0.052261,
0.052261,
0.052259,
0.052259,
0.052258,
0.052258,
0.052256,
0.052256,
0.052255,
0.052255,
0.052253,
0.052253,
0.052252,
0.052252,
0.052250,
0.052250,
0.052249,
0.052249,
0.052247,
0.052247,
0.052245,
0.052245,
0.052244,
0.052244,
0.052242,
0.052242,
0.052241,
0.052241,
0.052239,
0.052239,
0.052238,
0.052238,
0.052236,
0.052236,
0.052235,
0.052235,
0.052233,
0.052233,
0.052231,
0.052231,
0.052230,
0.052230,
0.052228,
0.052228,
0.052227,
0.052227,
0.052225,
0.052225,
0.052224,
0.052224,
0.052222,
0.052222,
0.052221,
0.052221,
0.052219,
0.052219,
0.052218,
0.052218,
0.052216,
0.052216,
0.052215,
0.052215,
0.052213,
0.052213,
0.052211,
0.052211,
0.052210,
0.052210,
0.052208,
0.052208,
0.052207,
0.052207,
0.052205,
0.052205,
0.052204,
0.052204,
0.052202,
0.052202,
0.052201,
0.052201,
0.052199,
0.052199,
0.052198,
0.052198,
0.052196,
0.052196,
0.052195,
0.052195,
0.052193,
0.052193,
0.052191,
0.052191,
0.052190,
0.052190,
0.052188,
0.052188,
0.052187,
0.052187,
0.052185,
0.052185,
0.052184,
0.052184,
0.052182,
0.052182,
0.052181,
0.052181,
0.052179,
0.052179,
0.052178,
0.052178,
0.052176,
0.052176,
0.052175,
0.052175,
0.052173,
0.052173,
0.052172,
0.052172,
0.052170,
0.052170,
0.052169,
0.052169,
0.052167,
0.052167,
0.052165,
0.052165,
0.052164,
0.052164,
0.052162,
0.052162,
0.052161,
0.052161,
0.052159,
0.052159,
0.052158,
0.052158,
0.052156,
0.052156,
0.052155,
0.052155,
0.052153,
0.052153,
0.052152,
0.052152,
0.052150,
0.052150,
0.052149,
0.052149,
0.052147,
0.052147,
0.052146,
0.052146,
0.052144,
0.052144,
0.052143,
0.052143,
0.052141,
0.052141,
0.052140,
0.052140,
0.052138,
0.052138,
0.052137,
0.052137,
0.052135,
0.052135,
0.052133,
0.052133,
0.052132,
0.052132,
0.052130,
0.052130,
0.052129,
0.052129,
0.052127,
0.052127,
0.052126,
0.052126,
0.052124,
0.052124,
0.052123,
0.052123,
0.052121,
0.052121,
0.052120,
0.052120,
0.052118,
0.052118,
0.052117,
0.052117,
0.052115,
0.052115,
0.052114,
0.052114,
0.052112,
0.052112,
0.052111,
0.052111,
0.052109,
0.052109,
0.052108,
0.052108,
0.052106,
0.052106,
0.052105,
0.052105,
0.052103,
0.052103,
0.052102,
0.052102,
0.052100,
0.052100,
0.052099,
0.052099,
0.052097,
0.052097,
0.052096,
0.052096,
0.052094,
0.052094,
0.052093,
0.052093,
0.052091,
0.052091,
0.052090,
0.052090,
0.052088,
0.052088,
0.052087,
0.052087,
0.052085,
0.052085,
0.052084,
0.052084,
0.052082,
0.052082,
0.052081,
0.052081,
0.052079,
0.052079,
0.052078,
0.052078,
0.052076,
0.052076,
0.052075,
0.052075,
0.052073,
0.052073,
0.052072,
0.052072,
0.052070,
0.052070,
0.052069,
0.052069,
0.052067,
0.052067,
0.052066,
0.052066,
0.052064,
0.052064,
0.052063,
0.052063,
0.052061,
0.052061,
0.052060,
0.052060,
0.052058,
0.052058,
0.052057,
0.052057,
0.052055,
0.052055,
0.052054,
0.052054,
0.052052,
0.052052,
0.052051,
0.052051,
0.052049,
0.052049,
0.052048,
0.052048,
0.052046,
0.052046,
0.052045,
0.052045,
0.052043,
0.052043,
0.052042,
0.052042,
0.052040,
0.052040,
0.052039,
0.052039,
0.052037,
0.052037,
0.052036,
0.052036,
0.052034,
0.052034,
0.052033,
0.052033,
0.052031,
0.052031,
0.052030,
0.052030,
0.052028,
0.052028,
0.052027,
0.052027,
0.052025,
0.052025,
0.052024,
0.052024,
0.052022,
0.052022,
0.052021,
0.052021,
0.052019,
0.052019,
0.052018,
0.052018,
0.052016,
0.052016,
0.052015,
0.052015,
0.052013,
0.052013,
0.052012,
0.052012,
0.052010,
0.052010,
0.052009,
0.052009,
0.052007,
0.052007,
0.052006,
0.052006,
0.052004,
0.052004,
0.052003,
0.052003,
0.052001,
0.052001,
0.052000,
0.052000,
0.051998,
0.051998,
0.051997,
0.051997,
0.051995,
0.051995,
0.051994,
0.051994,
0.051993,
0.051993,
0.051991,
0.051991,
0.051990,
0.051990,
0.051988,
0.051988,
0.051987,
0.051987,
0.051985,
0.051985,
0.051984,
0.051984,
0.051982,
0.051982,
0.051981,
0.051981,
0.051979,
0.051979,
0.051978,
0.051978,
0.051976,
0.051976,
0.051975,
0.051975,
0.051973,
0.051973,
0.051972,
0.051972,
0.051970,
0.051970,
0.051969,
0.051969,
0.051967,
0.051967,
0.051966,
0.051966,
0.051964,
0.051964,
0.051963,
0.051963,
0.051962,
0.051962,
0.051960,
0.051960,
0.051959,
0.051959,
0.051957,
0.051957,
0.051956,
0.051956,
0.051954,
0.051954,
0.051953,
0.051953,
0.051951,
0.051951,
0.051950,
0.051950,
0.051948,
0.051948,
0.051947,
0.051947,
0.051945,
0.051945,
0.051944,
0.051944,
0.051942,
0.051942,
0.051941,
0.051941,
0.051939,
0.051939,
0.051938,
0.051938,
0.051937,
0.051937,
0.051935,
0.051935,
0.051934,
0.051934,
0.051932,
0.051932,
0.051931,
0.051931,
0.051929,
0.051929,
0.051928,
0.051928,
0.051926,
0.051926,
0.051925,
0.051925,
0.051923,
0.051923,
0.051922,
0.051922,
0.051920,
0.051920,
0.051919,
0.051919,
0.051918,
0.051918,
0.051916,
0.051916,
0.051915,
0.051915,
0.051913,
0.051913,
0.051912,
0.051912,
0.051910,
0.051910,
0.051909,
0.051909,
0.051907,
0.051907,
0.051906,
0.051906,
0.051904,
0.051904,
0.051903,
0.051903,
0.051901,
0.051901,
0.051900,
0.051900,
0.051899,
0.051899,
0.051897,
0.051897,
0.051896,
0.051896,
0.051894,
0.051894,
0.051893,
0.051893,
0.051891,
0.051891,
0.051890,
0.051890,
0.051888,
0.051888,
0.051887,
0.051887,
0.051885,
0.051885,
0.051884,
0.051884,
0.051883,
0.051883,
0.051881,
0.051881,
0.051880,
0.051880,
0.051878,
0.051878,
0.051877,
0.051877,
0.051875,
0.051875,
0.051874,
0.051874,
0.051872,
0.051872,
0.051871,
0.051871,
0.051870,
0.051870,
0.051868,
0.051868,
0.051867,
0.051867,
0.051865,
0.051865,
0.051864,
0.051864,
0.051862,
0.051862,
0.051861,
0.051861,
0.051859,
0.051859,
0.051858,
0.051858,
0.051857,
0.051857,
0.051855,
0.051855,
0.051854,
0.051854,
0.051852,
0.051852,
0.051851,
0.051851,
0.051849,
0.051849,
0.051848,
0.051848,
0.051846,
0.051846,
0.051845,
0.051845,
0.051844,
0.051844,
0.051842,
0.051842,
0.051841,
0.051841,
0.051839,
0.051839,
0.051838,
0.051838,
0.051836,
0.051836,
0.051835,
0.051835,
0.051833,
0.051833,
0.051832,
0.051832,
0.051831,
0.051831,
0.051829,
0.051829,
0.051828,
0.051828,
0.051826,
0.051826,
0.051825,
0.051825,
0.051823,
0.051823,
0.051822,
0.051822,
0.051821,
0.051821,
0.051819,
0.051819,
0.051818,
0.051818,
0.051816,
0.051816,
0.051815,
0.051815,
0.051813,
0.051813,
0.051812,
0.051812,
0.051810,
0.051810,
0.051809,
0.051809,
0.051808,
0.051808,
0.051806,
0.051806,
0.051805,
0.051805,
0.051803,
0.051803,
0.051802,
0.051802,
0.051800,
0.051800,
0.051799,
0.051799,
0.051798,
0.051798,
0.051796,
0.051796,
0.051795,
0.051795,
0.051793,
0.051793,
0.051792,
0.051792,
0.051790,
0.051790,
0.051789,
0.051789,
0.051788,
0.051788,
0.051786,
0.051786,
0.051785,
0.051785,
0.051783,
0.051783,
0.051782,
0.051782,
0.051780,
0.051780,
0.051779,
0.051779,
0.051778,
0.051778,
0.051776,
0.051776,
0.051775,
0.051775,
0.051773,
0.051773,
0.051772,
0.051772,
0.051771,
0.051771,
0.051769,
0.051769,
0.051768,
0.051768,
0.051766,
0.051766,
0.051765,
0.051765,
0.051763,
0.051763,
0.051762,
0.051762,
0.051761,
0.051761,
0.051759,
0.051759,
0.051758,
0.051758,
0.051756,
0.051756,
0.051755,
0.051755,
0.051753,
0.051753,
0.051752,
0.051752,
0.051751,
0.051751,
0.051749,
0.051749,
0.051748,
0.051748,
0.051746,
0.051746,
0.051745,
0.051745,
0.051744,
0.051744,
0.051742,
0.051742,
0.051741,
0.051741,
0.051739,
0.051739,
0.051738,
0.051738,
0.051737,
0.051737,
0.051735,
0.051735,
0.051734,
0.051734,
0.051732,
0.051732,
0.051731,
0.051731,
0.051729,
0.051729,
0.051728,
0.051728,
0.051727,
0.051727,
0.051725,
0.051725,
0.051724,
0.051724,
0.051722,
0.051722,
0.051721,
0.051721,
0.051720,
0.051720,
0.051718,
0.051718,
0.051717,
0.051717,
0.051715,
0.051715,
0.051714,
0.051714,
0.051713,
0.051713,
0.051711,
0.051711,
0.051710,
0.051710,
0.051708,
0.051708,
0.051707,
0.051707,
0.051706,
0.051706,
0.051704,
0.051704,
0.051703,
0.051703,
0.051701,
0.051701,
0.051700,
0.051700,
0.051699,
0.051699,
0.051697,
0.051697,
0.051696,
0.051696,
0.051694,
0.051694,
0.051693,
0.051693,
0.051691,
0.051691,
0.051690,
0.051690,
0.051689,
0.051689,
0.051687,
0.051687,
0.051686,
0.051686,
0.051684,
0.051684,
0.051683,
0.051683,
0.051682,
0.051682,
0.051680,
0.051680,
0.051679,
0.051679,
0.051678,
0.051678,
0.051676,
0.051676,
0.051675,
0.051675,
0.051673,
0.051673,
0.051672,
0.051672,
0.051671,
0.051671,
0.051669,
0.051669,
0.051668,
0.051668,
0.051666,
0.051666,
0.051665,
0.051665,
0.051664,
0.051664,
0.051662,
0.051662,
0.051661,
0.051661,
0.051659,
0.051659,
0.051658,
0.051658,
0.051657,
0.051657,
0.051655,
0.051655,
0.051654,
0.051654,
0.051652,
0.051652,
0.051651,
0.051651,
0.051650,
0.051650,
0.051648,
0.051648,
0.051647,
0.051647,
0.051645,
0.051645,
0.051644,
0.051644,
0.051643,
0.051643,
0.051641,
0.051641,
0.051640,
0.051640,
0.051639,
0.051639,
0.051637,
0.051637,
0.051636,
0.051636,
0.051634,
0.051634,
0.051633,
0.051633,
0.051632,
0.051632,
0.051630,
0.051630,
0.051629,
0.051629,
0.051627,
0.051627,
0.051626,
0.051626,
0.051625,
0.051625,
0.051623,
0.051623,
0.051622,
0.051622,
0.051621,
0.051621,
0.051619,
0.051619,
0.051618,
0.051618,
0.051616,
0.051616,
0.051615,
0.051615,
0.051614,
0.051614,
0.051612,
0.051612,
0.051611,
0.051611,
0.051609,
0.051609,
0.051608,
0.051608,
0.051607,
0.051607,
0.051605,
0.051605,
0.051604,
0.051604,
0.051603,
0.051603,
0.051601,
0.051601,
0.051600,
0.051600,
0.051598,
0.051598,
0.051597,
0.051597,
0.051596,
0.051596,
0.051594,
0.051594,
0.051593,
0.051593,
0.051592,
0.051592,
0.051590,
0.051590,
0.051589,
0.051589,
0.051587,
0.051587,
0.051586,
0.051586,
0.051585,
0.051585,
0.051583,
0.051583,
0.051582,
0.051582,
0.051581,
0.051581,
0.051579,
0.051579,
0.051578,
0.051578,
0.051576,
0.051576,
0.051575,
0.051575,
0.051574,
0.051574,
0.051572,
0.051572,
0.051571,
0.051571,
0.051570,
0.051570,
0.051568,
0.051568,
0.051567,
0.051567,
0.051566,
0.051566,
0.051564,
0.051564,
0.051563,
0.051563,
0.051561,
0.051561,
0.051560,
0.051560,
0.051559,
0.051559,
0.051557,
0.051557,
0.051556,
0.051556,
0.051555,
0.051555,
0.051553,
0.051553,
0.051552,
0.051552,
0.051551,
0.051551,
0.051549,
0.051549,
0.051548,
0.051548,
0.051546,
0.051546,
0.051545,
0.051545,
0.051544,
0.051544,
0.051542,
0.051542,
0.051541,
0.051541,
0.051540,
0.051540,
0.051538,
0.051538,
0.051537,
0.051537,
0.051536,
0.051536,
0.051534,
0.051534,
0.051533,
0.051533,
0.051531,
0.051531,
0.051530,
0.051530,
0.051529,
0.051529,
0.051527,
0.051527,
0.051526,
0.051526,
0.051525,
0.051525,
0.051523,
0.051523,
0.051522,
0.051522,
0.051521,
0.051521,
0.051519,
0.051519,
0.051518,
0.051518,
0.051517,
0.051517,
0.051515,
0.051515,
0.051514,
0.051514,
0.051512,
0.051512,
0.051511,
0.051511,
0.051510,
0.051510,
0.051508,
0.051508,
0.051507,
0.051507,
0.051506,
0.051506,
0.051504,
0.051504,
0.051503,
0.051503,
0.051502,
0.051502,
0.051500,
0.051500,
0.051499,
0.051499,
0.051498,
0.051498,
0.051496,
0.051496,
0.051495,
0.051495,
0.051494,
0.051494,
0.051492,
0.051492,
0.051491,
0.051491,
0.051490,
0.051490,
0.051488,
0.051488,
0.051487,
0.051487,
0.051485,
0.051485,
0.051484,
0.051484,
0.051483,
0.051483,
0.051481,
0.051481,
0.051480,
0.051480,
0.051479,
0.051479,
0.051477,
0.051477,
0.051476,
0.051476,
0.051475,
0.051475,
0.051473,
0.051473,
0.051472,
0.051472,
0.051471,
0.051471,
0.051469,
0.051469,
0.051468,
0.051468,
0.051467,
0.051467,
0.051465,
0.051465,
0.051464,
0.051464,
0.051463,
0.051463,
0.051461,
0.051461,
0.051460,
0.051460,
0.051459,
0.051459,
0.051457,
0.051457,
0.051456,
0.051456,
0.051455,
0.051455,
0.051453,
0.051453,
0.051452,
0.051452,
0.051451,
0.051451,
0.051449,
0.051449,
0.051448,
0.051448,
0.051447,
0.051447,
0.051445,
0.051445,
0.051444,
0.051444,
0.051443,
0.051443,
0.051441,
0.051441,
0.051440,
0.051440,
0.051439,
0.051439,
0.051437,
0.051437,
0.051436,
0.051436,
0.051435,
0.051435,
0.051433,
0.051433,
0.051432,
0.051432,
0.051431,
0.051431,
0.051429,
0.051429,
0.051428,
0.051428,
0.051427,
0.051427,
0.051425,
0.051425,
0.051424,
0.051424,
0.051423,
0.051423,
0.051421,
0.051421,
0.051420,
0.051420,
0.051419,
0.051419,
0.051417,
0.051417,
0.051416,
0.051416,
0.051415,
0.051415,
0.051413,
0.051413,
0.051412,
0.051412,
0.051411,
0.051411,
0.051409,
0.051409,
0.051408,
0.051408,
0.051407,
0.051407,
0.051405,
0.051405,
0.051404,
0.051404,
0.051403,
0.051403,
0.051401,
0.051401,
0.051400,
0.051400,
0.051399,
0.051399,
0.051397,
0.051397,
0.051396,
0.051396,
0.051395,
0.051395,
0.051393,
0.051393,
0.051392,
0.051392,
0.051391,
0.051391,
0.051389,
0.051389,
0.051388,
0.051388,
0.051387,
0.051387,
0.051385,
0.051385,
0.051384,
0.051384,
0.051383,
0.051383,
0.051381,
0.051381,
0.051380,
0.051380,
0.051379,
0.051379,
0.051378,
0.051378,
0.051376,
0.051376,
0.051375,
0.051375,
0.051374,
0.051374,
0.051372,
0.051372,
0.051371,
0.051371,
0.051370,
0.051370,
0.051368,
0.051368,
0.051367,
0.051367,
0.051366,
0.051366,
0.051364,
0.051364,
0.051363,
0.051363,
0.051362,
0.051362,
0.051360,
0.051360,
0.051359,
0.051359,
0.051358,
0.051358,
0.051356,
0.051356,
0.051355,
0.051355,
0.051354,
0.051354,
0.051353,
0.051353,
0.051351,
0.051351,
0.051350,
0.051350,
0.051349,
0.051349,
0.051347,
0.051347,
0.051346,
0.051346,
0.051345,
0.051345,
0.051343,
0.051343,
0.051342,
0.051342,
0.051341,
0.051341,
0.051339,
0.051339,
0.051338,
0.051338,
0.051337,
0.051337,
0.051336,
0.051336,
0.051334,
0.051334,
0.051333,
0.051333,
0.051332,
0.051332,
0.051330,
0.051330,
0.051329,
0.051329,
0.051328,
0.051328,
0.051326,
0.051326,
0.051325,
0.051325,
0.051324,
0.051324,
0.051322,
0.051322,
0.051321,
0.051321,
0.051320,
0.051320,
0.051319,
0.051319,
0.051317,
0.051317,
0.051316,
0.051316,
0.051315,
0.051315,
0.051313,
0.051313,
0.051312,
0.051312,
0.051311,
0.051311,
0.051309,
0.051309,
0.051308,
0.051308,
0.051307,
0.051307,
0.051306,
0.051306,
0.051304,
0.051304,
0.051303,
0.051303,
0.051302,
0.051302,
0.051300,
0.051300,
0.051299,
0.051299,
0.051298,
0.051298,
0.051296,
0.051296,
0.051295,
0.051295,
0.051294,
0.051294,
0.051293,
0.051293,
0.051291,
0.051291,
0.051290,
0.051290,
0.051289,
0.051289,
0.051287,
0.051287,
0.051286,
0.051286,
0.051285,
0.051285,
0.051283,
0.051283,
0.051282,
0.051282,
0.051281,
0.051281,
0.051280,
0.051280,
0.051278,
0.051278,
0.051277,
0.051277,
0.051276,
0.051276,
0.051274,
0.051274,
0.051273,
0.051273,
0.051272,
0.051272,
0.051271,
0.051271,
0.051269,
0.051269,
0.051268,
0.051268,
0.051267,
0.051267,
0.051265,
0.051265,
0.051264,
0.051264,
0.051263,
0.051263,
0.051262,
0.051262,
0.051260,
0.051260,
0.051259,
0.051259,
0.051258,
0.051258,
0.051256,
0.051256,
0.051255,
0.051255,
0.051254,
0.051254,
0.051253,
0.051253,
0.051251,
0.051251,
0.051250,
0.051250,
0.051249,
0.051249,
0.051247,
0.051247,
0.051246,
0.051246,
0.051245,
0.051245,
0.051244,
0.051244,
0.051242,
0.051242,
0.051241,
0.051241,
0.051240,
0.051240,
0.051238,
0.051238,
0.051237,
0.051237,
0.051236,
0.051236,
0.051235,
0.051235,
0.051233,
0.051233,
0.051232,
0.051232,
0.051231,
0.051231,
0.051229,
0.051229,
0.051228,
0.051228,
0.051227,
0.051227,
0.051226,
0.051226,
0.051224,
0.051224,
0.051223,
0.051223,
0.051222,
0.051222,
0.051220,
0.051220,
0.051219,
0.051219,
0.051218,
0.051218,
0.051217,
0.051217,
0.051215,
0.051215,
0.051214,
0.051214,
0.051213,
0.051213,
0.051212,
0.051212,
0.051210,
0.051210,
0.051209,
0.051209,
0.051208,
0.051208,
0.051206,
0.051206,
0.051205,
0.051205,
0.051204,
0.051204,
0.051203,
0.051203,
0.051201,
0.051201,
0.051200,
0.051200,
0.051199,
0.051199,
0.051198,
0.051198,
0.051196,
0.051196,
0.051195,
0.051195,
0.051194,
0.051194,
0.051192,
0.051192,
0.051191,
0.051191,
0.051190,
0.051190,
0.051189,
0.051189,
0.051187,
0.051187,
0.051186,
0.051186,
0.051185,
0.051185,
0.051184,
0.051184,
0.051182,
0.051182,
0.051181,
0.051181,
0.051180,
0.051180,
0.051179,
0.051179,
0.051177,
0.051177,
0.051176,
0.051176,
0.051175,
0.051175,
0.051173,
0.051173,
0.051172,
0.051172,
0.051171,
0.051171,
0.051170,
0.051170,
0.051168,
0.051168,
0.051167,
0.051167,
0.051166,
0.051166,
0.051165,
0.051165,
0.051163,
0.051163,
0.051162,
0.051162,
0.051161,
0.051161,
0.051160,
0.051160,
0.051158,
0.051158,
0.051157,
0.051157,
0.051156,
0.051156,
0.051155,
0.051155,
0.051153,
0.051153,
0.051152,
0.051152,
0.051151,
0.051151,
0.051149,
0.051149,
0.051148,
0.051148,
0.051147,
0.051147,
0.051146,
0.051146,
0.051144,
0.051144,
0.051143,
0.051143,
0.051142,
0.051142,
0.051141,
0.051141,
0.051139,
0.051139,
0.051138,
0.051138,
0.051137,
0.051137,
0.051136,
0.051136,
0.051134,
0.051134,
0.051133,
0.051133,
0.051132,
0.051132,
0.051131,
0.051131,
0.051129,
0.051129,
0.051128,
0.051128,
0.051127,
0.051127,
0.051126,
0.051126,
0.051124,
0.051124,
0.051123,
0.051123,
0.051122,
0.051122,
0.051121,
0.051121,
0.051119,
0.051119,
0.051118,
0.051118,
0.051117,
0.051117,
0.051116,
0.051116,
0.051114,
0.051114,
0.051113,
0.051113,
0.051112,
0.051112,
0.051111,
0.051111,
0.051109,
0.051109,
0.051108,
0.051108,
0.051107,
0.051107,
0.051106,
0.051106,
0.051104,
0.051104,
0.051103,
0.051103,
0.051102,
0.051102,
0.051101,
0.051101,
0.051099,
0.051099,
0.051098,
0.051098,
0.051097,
0.051097,
0.051096,
0.051096,
0.051094,
0.051094,
0.051093,
0.051093,
0.051092,
0.051092,
0.051091,
0.051091,
0.051089,
0.051089,
0.051088,
0.051088,
0.051087,
0.051087,
0.051086,
0.051086,
0.051084,
0.051084,
0.051083,
0.051083,
0.051082,
0.051082,
0.051081,
0.051081,
0.051079,
0.051079,
0.051078,
0.051078,
0.051077,
0.051077,
0.051076,
0.051076,
0.051075,
0.051075,
0.051073,
0.051073,
0.051072,
0.051072,
0.051071,
0.051071,
0.051070,
0.051070,
0.051068,
0.051068,
0.051067,
0.051067,
0.051066,
0.051066,
0.051065,
0.051065,
0.051063,
0.051063,
0.051062,
0.051062,
0.051061,
0.051061,
0.051060,
0.051060,
0.051058,
0.051058,
0.051057,
0.051057,
0.051056,
0.051056,
0.051055,
0.051055,
0.051053,
0.051053,
0.051052,
0.051052,
0.051051,
0.051051,
0.051050,
0.051050,
0.051049,
0.051049,
0.051047,
0.051047,
0.051046,
0.051046,
0.051045,
0.051045,
0.051044,
0.051044,
0.051042,
0.051042,
0.051041,
0.051041,
0.051040,
0.051040,
0.051039,
0.051039,
0.051037,
0.051037,
0.051036,
0.051036,
0.051035,
0.051035,
0.051034,
0.051034,
0.051033,
0.051033,
0.051031,
0.051031,
0.051030,
0.051030,
0.051029,
0.051029,
0.051028,
0.051028,
0.051026,
0.051026,
0.051025,
0.051025,
0.051024,
0.051024,
0.051023,
0.051023,
0.051021,
0.051021,
0.051020,
0.051020,
0.051019,
0.051019,
0.051018,
0.051018,
0.051017,
0.051017,
0.051015,
0.051015,
0.051014,
0.051014,
0.051013,
0.051013,
0.051012,
0.051012,
0.051010,
0.051010,
0.051009,
0.051009,
0.051008,
0.051008,
0.051007,
0.051007,
0.051006,
0.051006,
0.051004,
0.051004,
0.051003,
0.051003,
0.051002,
0.051002,
0.051001,
0.051001,
0.050999,
0.050999,
0.050998,
0.050998,
0.050997,
0.050997,
0.050996,
0.050996,
0.050995,
0.050995,
0.050993,
0.050993,
0.050992,
0.050992,
0.050991,
0.050991,
0.050990,
0.050990,
0.050989,
0.050989,
0.050987,
0.050987,
0.050986,
0.050986,
0.050985,
0.050985,
0.050984,
0.050984,
0.050982,
0.050982,
0.050981,
0.050981,
0.050980,
0.050980,
0.050979,
0.050979,
0.050978,
0.050978,
0.050976,
0.050976,
0.050975,
0.050975,
0.050974,
0.050974,
0.050973,
0.050973,
0.050971,
0.050971,
0.050970,
0.050970,
0.050969,
0.050969,
0.050968,
0.050968,
0.050967,
0.050967,
0.050965,
0.050965,
0.050964,
0.050964,
0.050963,
0.050963,
0.050962,
0.050962,
0.050961,
0.050961,
0.050959,
0.050959,
0.050958,
0.050958,
0.050957,
0.050957,
0.050956,
0.050956,
0.050955,
0.050955,
0.050953,
0.050953,
0.050952,
0.050952,
0.050951,
0.050951,
0.050950,
0.050950,
0.050949,
0.050949,
0.050947,
0.050947,
0.050946,
0.050946,
0.050945,
0.050945,
0.050944,
0.050944,
0.050942,
0.050942,
0.050941,
0.050941,
0.050940,
0.050940,
0.050939,
0.050939,
0.050938,
0.050938,
0.050936,
0.050936,
0.050935,
0.050935,
0.050934,
0.050934,
0.050933,
0.050933,
0.050932,
0.050932,
0.050930,
0.050930,
0.050929,
0.050929,
0.050928,
0.050928,
0.050927,
0.050927,
0.050926,
0.050926,
0.050924,
0.050924,
0.050923,
0.050923,
0.050922,
0.050922,
0.050921,
0.050921,
0.050920,
0.050920,
0.050918,
0.050918,
0.050917,
0.050917,
0.050916,
0.050916,
0.050915,
0.050915,
0.050914,
0.050914,
0.050912,
0.050912,
0.050911,
0.050911,
0.050910,
0.050910,
0.050909,
0.050909,
0.050908,
0.050908,
0.050906,
0.050906,
0.050905,
0.050905,
0.050904,
0.050904,
0.050903,
0.050903,
0.050902,
0.050902,
0.050900,
0.050900,
0.050899,
0.050899,
0.050898,
0.050898,
0.050897,
0.050897,
0.050896,
0.050896,
0.050894,
0.050894,
0.050893,
0.050893,
0.050892,
0.050892,
0.050891,
0.050891,
0.050890,
0.050890,
0.050889,
0.050889,
0.050887,
0.050887,
0.050886,
0.050886,
0.050885,
0.050885,
0.050884,
0.050884,
0.050883,
0.050883,
0.050881,
0.050881,
0.050880,
0.050880,
0.050879,
0.050879,
0.050878,
0.050878,
0.050877,
0.050877,
0.050875,
0.050875,
0.050874,
0.050874,
0.050873,
0.050873,
0.050872,
0.050872,
0.050871,
0.050871,
0.050869,
0.050869,
0.050868,
0.050868,
0.050867,
0.050867,
0.050866,
0.050866,
0.050865,
0.050865,
0.050864,
0.050864,
0.050862,
0.050862,
0.050861,
0.050861,
0.050860,
0.050860,
0.050859,
0.050859,
0.050858,
0.050858,
0.050856,
0.050856,
0.050855,
0.050855,
0.050854,
0.050854,
0.050853,
0.050853,
0.050852,
0.050852,
0.050851,
0.050851,
0.050849,
0.050849,
0.050848,
0.050848,
0.050847,
0.050847,
0.050846,
0.050846,
0.050845,
0.050845,
0.050843,
0.050843,
0.050842,
0.050842,
0.050841,
0.050841,
0.050840,
0.050840,
0.050839,
0.050839,
0.050838,
0.050838,
0.050836,
0.050836,
0.050835,
0.050835,
0.050834,
0.050834,
0.050833,
0.050833,
0.050832,
0.050832,
0.050830,
0.050830,
0.050829,
0.050829,
0.050828,
0.050828,
0.050827,
0.050827,
0.050826,
0.050826,
0.050825,
0.050825,
0.050823,
0.050823,
0.050822,
0.050822,
0.050821,
0.050821,
0.050820,
0.050820,
0.050819,
0.050819,
0.050818,
0.050818,
0.050816,
0.050816,
0.050815,
0.050815,
0.050814,
0.050814,
0.050813,
0.050813,
0.050812,
0.050812,
0.050811,
0.050811,
0.050809,
0.050809,
0.050808,
0.050808,
0.050807,
0.050807,
0.050806,
0.050806,
0.050805,
0.050805,
0.050804,
0.050804,
0.050802,
0.050802,
0.050801,
0.050801,
0.050800,
0.050800,
0.050799,
0.050799,
0.050798,
0.050798,
0.050796,
0.050796,
0.050795,
0.050795,
0.050794,
0.050794,
0.050793,
0.050793,
0.050792,
0.050792,
0.050791,
0.050791,
0.050789,
0.050789,
0.050788,
0.050788,
0.050787,
0.050787,
0.050786,
0.050786,
0.050785,
0.050785,
0.050784,
0.050784,
0.050782,
0.050782,
0.050781,
0.050781,
0.050780,
0.050780,
0.050779,
0.050779,
0.050778,
0.050778,
0.050777,
0.050777,
0.050776,
0.050776,
0.050774,
0.050774,
0.050773,
0.050773,
0.050772,
0.050772,
0.050771,
0.050771,
0.050770,
0.050770,
0.050769,
0.050769,
0.050767,
0.050767,
0.050766,
0.050766,
0.050765,
0.050765,
0.050764,
0.050764,
0.050763,
0.050763,
0.050762,
0.050762,
0.050760,
0.050760,
0.050759,
0.050759,
0.050758,
0.050758,
0.050757,
0.050757,
0.050756,
0.050756,
0.050755,
0.050755,
0.050753,
0.050753,
0.050752,
0.050752,
0.050751,
0.050751,
0.050750,
0.050750,
0.050749,
0.050749,
0.050748,
0.050748,
0.050747,
0.050747,
0.050745,
0.050745,
0.050744,
0.050744,
0.050743,
0.050743,
0.050742,
0.050742,
0.050741,
0.050741,
0.050740,
0.050740,
0.050738,
0.050738,
0.050737,
0.050737,
0.050736,
0.050736,
0.050735,
0.050735,
0.050734,
0.050734,
0.050733,
0.050733,
0.050732,
0.050732,
0.050730,
0.050730,
0.050729,
0.050729,
0.050728,
0.050728,
0.050727,
0.050727,
0.050726,
0.050726,
0.050725,
0.050725,
0.050723,
0.050723,
0.050722,
0.050722,
0.050721,
0.050721,
0.050720,
0.050720,
0.050719,
0.050719,
0.050718,
0.050718,
0.050717,
0.050717,
0.050715,
0.050715,
0.050714,
0.050714,
0.050713,
0.050713,
0.050712,
0.050712,
0.050711,
0.050711,
0.050710,
0.050710,
0.050709,
0.050709,
0.050707,
0.050707,
0.050706,
0.050706,
0.050705,
0.050705,
0.050704,
0.050704,
0.050703,
0.050703,
0.050702,
0.050702,
0.050701,
0.050701,
0.050699,
0.050699,
0.050698,
0.050698,
0.050697,
0.050697,
0.050696,
0.050696,
0.050695,
0.050695,
0.050694,
0.050694,
0.050693,
0.050693,
0.050691,
0.050691,
0.050690,
0.050690,
0.050689,
0.050689,
0.050688,
0.050688,
0.050687,
0.050687,
0.050686,
0.050686,
0.050685,
0.050685,
0.050683,
0.050683,
0.050682,
0.050682,
0.050681,
0.050681,
0.050680,
0.050680,
0.050679,
0.050679,
0.050678,
0.050678,
0.050677,
0.050677,
0.050675,
0.050675,
0.050674,
0.050674,
0.050673,
0.050673,
0.050672,
0.050672,
0.050671,
0.050671,
0.050670,
0.050670,
0.050669,
0.050669,
0.050668,
0.050668,
0.050666,
0.050666,
0.050665,
0.050665,
0.050664,
0.050664,
0.050663,
0.050663,
0.050662,
0.050662,
0.050661,
0.050661,
0.050660,
0.050660,
0.050658,
0.050658,
0.050657,
0.050657,
0.050656,
0.050656,
0.050655,
0.050655,
0.050654,
0.050654,
0.050653,
0.050653,
0.050652,
0.050652,
0.050651,
0.050651,
0.050649,
0.050649,
0.050648,
0.050648,
0.050647,
0.050647,
0.050646,
0.050646,
0.050645,
0.050645,
0.050644,
0.050644,
0.050643,
0.050643,
0.050641,
0.050641,
0.050640,
0.050640,
0.050639,
0.050639,
0.050638,
0.050638,
0.050637,
0.050637,
0.050636,
0.050636,
0.050635,
0.050635,
0.050634,
0.050634,
0.050632,
0.050632,
0.050631,
0.050631,
0.050630,
0.050630,
0.050629,
0.050629,
0.050628,
0.050628,
0.050627,
0.050627,
0.050626,
0.050626,
0.050625,
0.050625,
0.050623,
0.050623,
0.050622,
0.050622,
0.050621,
0.050621,
0.050620,
0.050620,
0.050619,
0.050619,
0.050618,
0.050618,
0.050617,
0.050617,
0.050616,
0.050616,
0.050614,
0.050614,
0.050613,
0.050613,
0.050612,
0.050612,
0.050611,
0.050611,
0.050610,
0.050610,
0.050609,
0.050609,
0.050608,
0.050608,
0.050607,
0.050607,
0.050606,
0.050606,
0.050604,
0.050604,
0.050603,
0.050603,
0.050602,
0.050602,
0.050601,
0.050601,
0.050600,
0.050600,
0.050599,
0.050599,
0.050598,
0.050598,
0.050597,
0.050597,
0.050595,
0.050595,
0.050594,
0.050594,
0.050593,
0.050593,
0.050592,
0.050592,
0.050591,
0.050591,
0.050590,
0.050590,
0.050589,
0.050589,
0.050588,
0.050588,
0.050587,
0.050587,
0.050585,
0.050585,
0.050584,
0.050584,
0.050583,
0.050583,
0.050582,
0.050582,
0.050581,
0.050581,
0.050580,
0.050580,
0.050579,
0.050579,
0.050578,
0.050578,
0.050576,
0.050576,
0.050575,
0.050575,
0.050574,
0.050574,
0.050573,
0.050573,
0.050572,
0.050572,
0.050571,
0.050571,
0.050570,
0.050570,
0.050569,
0.050569,
0.050568,
0.050568,
0.050566,
0.050566,
0.050565,
0.050565,
0.050564,
0.050564,
0.050563,
0.050563,
0.050562,
0.050562,
0.050561,
0.050561,
0.050560,
0.050560,
0.050559,
0.050559,
0.050558,
0.050558,
0.050557,
0.050557,
0.050555,
0.050555,
0.050554,
0.050554,
0.050553,
0.050553,
0.050552,
0.050552,
0.050551,
0.050551,
0.050550,
0.050550,
0.050549,
0.050549,
0.050548,
0.050548,
0.050547,
0.050547,
0.050545,
0.050545,
0.050544,
0.050544,
0.050543,
0.050543,
0.050542,
0.050542,
0.050541,
0.050541,
0.050540,
0.050540,
0.050539,
0.050539,
0.050538,
0.050538,
0.050537,
0.050537,
0.050536,
0.050536,
0.050534,
0.050534,
0.050533,
0.050533,
0.050532,
0.050532,
0.050531,
0.050531,
0.050530,
0.050530,
0.050529,
0.050529,
0.050528,
0.050528,
0.050527,
0.050527,
0.050526,
0.050526,
0.050525,
0.050525,
0.050523,
0.050523,
0.050522,
0.050522,
0.050521,
0.050521,
0.050520,
0.050520,
0.050519,
0.050519,
0.050518,
0.050518,
0.050517,
0.050517,
0.050516,
0.050516,
0.050515,
0.050515,
0.050514,
0.050514,
0.050512,
0.050512,
0.050511,
0.050511,
0.050510,
0.050510,
0.050509,
0.050509,
0.050508,
0.050508,
0.050507,
0.050507,
0.050506,
0.050506,
0.050505,
0.050505,
0.050504,
0.050504,
0.050503,
0.050503,
0.050502,
0.050502,
0.050500,
0.050500,
0.050499,
0.050499,
0.050498,
0.050498,
0.050497,
0.050497,
0.050496,
0.050496,
0.050495,
0.050495,
0.050494,
0.050494,
0.050493,
0.050493,
0.050492,
0.050492,
0.050491,
0.050491,
0.050490,
0.050490,
0.050488,
0.050488,
0.050487,
0.050487,
0.050486,
0.050486,
0.050485,
0.050485,
0.050484,
0.050484,
0.050483,
0.050483,
0.050482,
0.050482,
0.050481,
0.050481,
0.050480,
0.050480,
0.050479,
0.050479,
0.050478,
0.050478,
0.050476,
0.050476,
0.050475,
0.050475,
0.050474,
0.050474,
0.050473,
0.050473,
0.050472,
0.050472,
0.050471,
0.050471,
0.050470,
0.050470,
0.050469,
0.050469,
0.050468,
0.050468,
0.050467,
0.050467,
0.050466,
0.050466,
0.050465,
0.050465,
0.050463,
0.050463,
0.050462,
0.050462,
0.050461,
0.050461,
0.050460,
0.050460,
0.050459,
0.050459,
0.050458,
0.050458,
0.050457,
0.050457,
0.050456,
0.050456,
0.050455,
0.050455,
0.050454,
0.050454,
0.050453,
0.050453,
0.050452,
0.050452,
0.050450,
0.050450,
0.050449,
0.050449,
0.050448,
0.050448,
0.050447,
0.050447,
0.050446,
0.050446,
0.050445,
0.050445,
0.050444,
0.050444,
0.050443,
0.050443,
0.050442,
0.050442,
0.050441,
0.050441,
0.050440,
0.050440,
0.050439,
0.050439,
0.050438,
0.050438,
0.050436,
0.050436,
0.050435,
0.050435,
0.050434,
0.050434,
0.050433,
0.050433,
0.050432,
0.050432,
0.050431,
0.050431,
0.050430,
0.050430,
0.050429,
0.050429,
0.050428,
0.050428,
0.050427,
0.050427,
0.050426,
0.050426,
0.050425,
0.050425,
0.050424,
0.050424,
0.050422,
0.050422,
0.050421,
0.050421,
0.050420,
0.050420,
0.050419,
0.050419,
0.050418,
0.050418,
0.050417,
0.050417,
0.050416,
0.050416,
0.050415,
0.050415,
0.050414,
0.050414,
0.050413,
0.050413,
0.050412,
0.050412,
0.050411,
0.050411,
0.050410,
0.050410,
0.050409,
0.050409,
0.050407,
0.050407,
0.050406,
0.050406,
0.050405,
0.050405,
0.050404,
0.050404,
0.050403,
0.050403,
0.050402,
0.050402,
0.050401,
0.050401,
0.050400,
0.050400,
0.050399,
0.050399,
0.050398,
0.050398,
0.050397,
0.050397,
0.050396,
0.050396,
0.050395,
0.050395,
0.050394,
0.050394,
0.050393,
0.050393,
0.050391,
0.050391,
0.050390,
0.050390,
0.050389,
0.050389,
0.050388,
0.050388,
0.050387,
0.050387,
0.050386,
0.050386,
0.050385,
0.050385,
0.050384,
0.050384,
0.050383,
0.050383,
0.050382,
0.050382,
0.050381,
0.050381,
0.050380,
0.050380,
0.050379,
0.050379,
0.050378,
0.050378,
0.050377,
0.050377,
0.050376,
0.050376,
0.050374,
0.050374,
0.050373,
0.050373,
0.050372,
0.050372,
0.050371,
0.050371,
0.050370,
0.050370,
0.050369,
0.050369,
0.050368,
0.050368,
0.050367,
0.050367,
0.050366,
0.050366,
0.050365,
0.050365,
0.050364,
0.050364,
0.050363,
0.050363,
0.050362,
0.050362,
0.050361,
0.050361,
0.050360,
0.050360,
0.050359,
0.050359,
0.050357,
0.050357,
0.050356,
0.050356,
0.050355,
0.050355,
0.050354,
0.050354,
0.050353,
0.050353,
0.050352,
0.050352,
0.050351,
0.050351,
0.050350,
0.050350,
0.050349,
0.050349,
0.050348,
0.050348,
0.050347,
0.050347,
0.050346,
0.050346,
0.050345,
0.050345,
0.050344,
0.050344,
0.050343,
0.050343,
0.050342,
0.050342,
0.050341,
0.050341,
0.050340,
0.050340,
0.050339,
0.050339,
0.050337,
0.050337,
0.050336,
0.050336,
0.050335,
0.050335,
0.050334,
0.050334,
0.050333,
0.050333,
0.050332,
0.050332,
0.050331,
0.050331,
0.050330,
0.050330,
0.050329,
0.050329,
0.050328,
0.050328,
0.050327,
0.050327,
0.050326,
0.050326,
0.050325,
0.050325,
0.050324,
0.050324,
0.050323,
0.050323,
0.050322,
0.050322,
0.050321,
0.050321,
0.050320,
0.050320,
0.050319,
0.050319,
0.050318,
0.050318,
0.050316,
0.050316,
0.050315,
0.050315,
0.050314,
0.050314,
0.050313,
0.050313,
0.050312,
0.050312,
0.050311,
0.050311,
0.050310,
0.050310,
0.050309,
0.050309,
0.050308,
0.050308,
0.050307,
0.050307,
0.050306,
0.050306,
0.050305,
0.050305,
0.050304,
0.050304,
0.050303,
0.050303,
0.050302,
0.050302,
0.050301,
0.050301,
0.050300,
0.050300,
0.050299,
0.050299,
0.050298,
0.050298,
0.050297,
0.050297,
0.050296,
0.050296,
0.050295,
0.050295,
0.050294,
0.050294,
0.050292,
0.050292,
0.050291,
0.050291,
0.050290,
0.050290,
0.050289,
0.050289,
0.050288,
0.050288,
0.050287,
0.050287,
0.050286,
0.050286,
0.050285,
0.050285,
0.050284,
0.050284,
0.050283,
0.050283,
0.050282,
0.050282,
0.050281,
0.050281,
0.050280,
0.050280,
0.050279,
0.050279,
0.050278,
0.050278,
0.050277,
0.050277,
0.050276,
0.050276,
0.050275,
0.050275,
0.050274,
0.050274,
0.050273,
0.050273,
0.050272,
0.050272,
0.050271,
0.050271,
0.050270,
0.050270,
0.050269,
0.050269,
0.050268,
0.050268,
0.050267,
0.050267,
0.050266,
0.050266,
0.050264,
0.050264,
0.050263,
0.050263,
0.050262,
0.050262,
0.050261,
0.050261,
0.050260,
0.050260,
0.050259,
0.050259,
0.050258,
0.050258,
0.050257,
0.050257,
0.050256,
0.050256,
0.050255,
0.050255,
0.050254,
0.050254,
0.050253,
0.050253,
0.050252,
0.050252,
0.050251,
0.050251,
0.050250,
0.050250,
0.050249,
0.050249,
0.050248,
0.050248,
0.050247,
0.050247,
0.050246,
0.050246,
0.050245,
0.050245,
0.050244,
0.050244,
0.050243,
0.050243,
0.050242,
0.050242,
0.050241,
0.050241,
0.050240,
0.050240,
0.050239,
0.050239,
0.050238,
0.050238,
0.050237,
0.050237,
0.050236,
0.050236,
0.050235,
0.050235,
0.050234,
0.050234,
0.050233,
0.050233,
0.050232,
0.050232,
0.050231,
0.050231,
0.050230,
0.050230,
0.050228,
0.050228,
0.050227,
0.050227,
0.050226,
0.050226,
0.050225,
0.050225,
0.050224,
0.050224,
0.050223,
0.050223,
0.050222,
0.050222,
0.050221,
0.050221,
0.050220,
0.050220,
0.050219,
0.050219,
0.050218,
0.050218,
0.050217,
0.050217,
0.050216,
0.050216,
0.050215,
0.050215,
0.050214,
0.050214,
0.050213,
0.050213,
0.050212,
0.050212,
0.050211,
0.050211,
0.050210,
0.050210,
0.050209,
0.050209,
0.050208,
0.050208,
0.050207,
0.050207,
0.050206,
0.050206,
0.050205,
0.050205,
0.050204,
0.050204,
0.050203,
0.050203,
0.050202,
0.050202,
0.050201,
0.050201,
0.050200,
0.050200,
0.050199,
0.050199,
0.050198,
0.050198,
0.050197,
0.050197,
0.050196,
0.050196,
0.050195,
0.050195,
0.050194,
0.050194,
0.050193,
0.050193,
0.050192,
0.050192,
0.050191,
0.050191,
0.050190,
0.050190,
0.050189,
0.050189,
0.050188,
0.050188,
0.050187,
0.050187,
0.050186,
0.050186,
0.050185,
0.050185,
0.050184,
0.050184,
0.050183,
0.050183,
0.050182,
0.050182,
0.050181,
0.050181,
0.050180,
0.050180,
0.050179,
0.050179,
0.050178,
0.050178,
0.050177,
0.050177,
0.050176,
0.050176,
0.050175,
0.050175,
0.050174,
0.050174,
0.050173,
0.050173,
0.050172,
0.050172,
0.050171,
0.050171,
0.050169,
0.050169,
0.050168,
0.050168,
0.050167,
0.050167,
0.050166,
0.050166,
0.050165,
0.050165,
0.050164,
0.050164,
0.050163,
0.050163,
0.050162,
0.050162,
0.050161,
0.050161,
0.050160,
0.050160,
0.050159,
0.050159,
0.050158,
0.050158,
0.050157,
0.050157,
0.050156,
0.050156,
0.050155,
0.050155,
0.050154,
0.050154,
0.050153,
0.050153,
0.050152,
0.050152,
0.050151,
0.050151,
0.050150,
0.050150,
0.050149,
0.050149,
0.050148,
0.050148,
0.050147,
0.050147,
0.050146,
0.050146,
0.050145,
0.050145,
0.050144,
0.050144,
0.050143,
0.050143,
0.050142,
0.050142,
0.050141,
0.050141,
0.050140,
0.050140,
0.050139,
0.050139,
0.050138,
0.050138,
0.050137,
0.050137,
0.050136,
0.050136,
0.050135,
0.050135,
0.050134,
0.050134,
0.050133,
0.050133,
0.050132,
0.050132,
0.050131,
0.050131,
0.050130,
vetor pesos sinapticos final:
0.687272 0.449167 1.331457 1.018093 
0.945764 0.736590 0.532696 0.468119 
0.701708 1.347601 0.471140 1.113738 
1.055875 1.390754 1.089262 0.823263 
0.815694 0.705828 0.581037 1.374671 
1.067777 1.271824 0.793416 1.375922 
1.041348 0.741412 1.247012 1.328283 
0.543744 1.259372 1.307073 1.238040 
0.749805 1.219729 0.536053 0.683732 
0.625716 1.118957 0.759479 0.744372 
0.768940 1.161194 0.875175 0.695329 
0.945550 0.771412 0.938806 0.878196 
1.105895 0.673295 0.555219 0.650589 
1.160126 0.687578 1.108367 0.822195 
1.294743 0.907585 0.859854 0.483653 
1.111449 0.407723 0.448129 0.634079 
1.369300 1.141723 0.819417 0.513591 
0.611892 1.186158 1.121154 1.047513 
0.460520 0.986415 0.589949 1.307653 
0.854392 0.760578 0.964808 1.397896 
1.019527 0.717638 0.456888 0.669450 
0.447427 1.246860 0.807363 0.672929 
0.664811 0.733508 0.464182 0.752429 
1.075376 1.158417 0.409401 0.688768 
0.655289 1.136383 0.668076 1.297978 
0.783467 0.550733 1.030117 1.390510 
0.987697 0.439767 1.016079 0.998775 
0.888145 1.291112 0.618697 1.277989 
1.119384 1.400704 0.850760 0.987178 
0.512066 0.452738 0.630905 0.956720 
1.315893 0.976252 1.038815 0.448251 
0.744403 0.834799 0.470347 0.813558 
0.623702 0.406014 0.724871 1.358344 
0.425790 0.606551 0.554914 0.817525 
0.467814 0.418954 0.710436 1.348090 
0.558728 1.077055 1.008174 0.445535 
0.874412 0.565381 0.457712 0.690874 
1.342535 0.589705 0.975733 0.733325 
1.318517 0.674119 0.718706 0.416146 
0.833609 0.541699 0.566816 0.450998 
1.196687 0.434365 0.788868 0.547498 
1.230563 0.528576 0.420449 1.404030 
0.924615 1.102934 1.386207 0.466105 
0.784382 0.613845 0.897087 0.858847 
0.659867 1.336096 1.155060 1.399025 
1.333593 0.723406 0.894798 1.093870 
0.649460 1.146728 0.795155 1.032315 
0.464304 1.165070 1.290806 1.075010 
1.202547 0.986262 0.815359 1.249515 
1.295659 1.273197 1.007839 1.256687 
1.288029 0.951868 0.912682 0.994777 
0.889549 1.178102 0.705675 0.507335 
0.757282 1.118255 0.976130 1.261234 
1.286259 0.700762 1.097319 1.160614 
1.191835 0.994868 0.715624 1.204225 
1.164155 1.372169 0.890556 1.190706 
1.375922 1.107878 0.915948 1.379646 
1.125213 0.577833 1.354407 0.513408 
1.394173 0.707231 1.315618 1.107115 
0.604964 0.827657 0.510295 0.411812 
1.354376 0.598647 1.110686 0.958399 
0.407784 1.149963 0.948785 1.087156 
0.734912 1.100646 1.083952 1.370612 
0.866904 0.611403 1.270725 1.334478 
1.357672 1.126586 1.358466 1.384407 
0.629623 0.961420 1.153717 1.343481 
0.985560 1.391762 0.776783 0.507488 
1.067594 1.401619 1.043667 0.624282 
0.545087 0.745288 0.904656 0.702715 
1.311773 0.480387 0.470927 1.058316 
0.974238 0.627364 0.660050 0.501384 
0.912682 1.112639 0.992000 1.073911 
0.694932 0.651016 0.566938 1.241611 
1.125610 0.723925 0.755695 0.947229 
0.710802 1.309362 0.634384 0.431497 
0.820638 0.520306 0.694658 1.227969 
1.329748 0.807485 0.860251 1.237582 
1.017940 0.882774 1.341772 1.290135 
0.511638 1.019649 1.360266 1.097838 
1.047849 0.886772 1.271519 1.007930 
0.841116 0.571088 1.121764 0.460276 
1.336004 0.946649 1.166413 0.556409 
1.124908 1.045254 1.382820 0.646011 
0.813558 0.585402 0.508434 1.337347 
0.614791 1.315740 0.635910 0.837637 
0.952326 1.329046 0.895439 1.029934 
0.855216 1.003291 1.257022 1.192415 
0.424905 0.726061 0.982478 0.766620 
1.155762 1.057950 0.759418 1.080717 
1.389961 0.492167 1.048215 0.433938 
0.688981 0.465922 0.672654 0.449075 
1.402077 0.779774 1.186494 1.098204 
1.213015 1.081785 1.046323 1.308812 
0.947198 0.572279 1.122527 0.556256 
0.419198 0.585402 0.579145 1.348853 
0.602828 1.203981 0.654465 1.011409 
0.904778 0.563947 1.372840 0.674394 
0.822866 1.004299 0.719714 0.874046 
0.770496 0.719042 1.310827 0.670121 
1.348120 1.067472 1.086393 0.687547 
0.843375 1.198702 1.062436 0.988246 
1.241122 1.147034 0.669663 1.178987 
0.524181 1.054288 0.711626 0.662095 
0.546582 0.675279 0.473246 0.434884 
1.260288 0.822775 1.010982 1.344214 
0.576429 0.908043 1.155792 1.202150 
0.643143 1.233584 1.260440 0.669633 
0.819936 1.193880 1.222109 1.313634 
1.131134 1.040677 0.811452 0.744372 
0.478800 1.368873 0.839895 1.239108 
1.396980 0.979518 1.195772 0.758350 
0.627578 1.275974 1.280949 0.760944 
1.300633 0.849295 0.879234 0.724047 
0.998531 0.409706 0.987483 0.774891 
0.486827 0.719744 0.640884 1.339544 
1.392006 0.685624 1.263797 1.215944 
0.607741 1.263279 0.576826 0.976832 
0.711321 1.334784 0.592421 1.108977 
1.170624 1.211977 0.728991 0.795155 
0.623367 0.923241 0.575727 0.744678 
1.010463 0.939691 1.339148 0.979334 
0.843313 0.496867 0.502178 0.980281 
1.387764 1.168976 0.727831 1.102904 
1.044980 0.850577 0.537854 0.665207 
0.710985 0.803243 0.798268 0.616500 
1.395973 0.922875 0.542737 1.192171 
0.884422 0.883659 1.165101 0.461161 
0.717821 1.315648 0.512218 1.172517 
1.280644 0.671281 0.908562 0.806508 
1.271183 0.938318 0.643509 1.237460 
1.338354 0.853995 0.953150 0.914055 
1.165864 0.777790 1.026974 0.963495 
0.784871 0.878654 1.071683 1.125610 
1.396217 0.792653 0.962549 0.923455 
0.483928 0.407967 0.514110 0.976374 
0.500957 0.932824 0.901207 0.862052 
0.908287 0.902764 1.261539 0.433358 
0.848746 1.284123 1.011318 0.996883 
1.237277 1.328771 0.904961 1.258640 
0.547864 1.337713 1.370093 0.444009 
1.079618 0.988704 1.149292 0.497508 
0.981837 1.384773 0.779835 0.768909 
0.821004 0.479472 0.942316 1.092039 
0.969233 1.035824 1.209719 0.662156 
0.596724 0.774036 1.228396 0.618972 
0.548932 0.865500 0.861686 0.740222 
0.889457 0.428414 1.327642 1.153473 
1.390510 1.181886 0.862296 0.471262 
0.751697 0.913933 0.939538 1.256900 
0.828909 0.921075 0.578871 1.225924 
0.653610 1.074003 0.772144 1.090544 
0.525097 0.666855 0.560987 0.452982 
0.955652 0.706194 0.795705 0.653610 
0.750934 0.795064 1.106963 0.980464 
1.006130 1.269535 1.121825 1.146637 
1.299382 0.743182 0.455057 0.441018 
0.863913 0.716143 0.507122 0.459635 
1.019680 0.404824 0.600050 0.822927 
0.646164 0.448557 0.482402 0.785695 
0.977503 0.649460 0.734668 1.145935 
0.500896 1.401711 1.106322 1.358802 
1.240115 0.966639 1.315801 1.261783 
1.204683 1.249728 1.344427 1.317480 
1.286534 1.235751 0.756031 0.780262 
1.385231 0.738330 1.073026 0.692949 
1.042660 0.620437 0.740191 1.119872 
1.369147 1.141601 0.708116 0.522381 
0.541455 0.588301 1.166474 0.683549 
0.654556 0.844107 0.459269 1.087309 
1.208101 1.055203 0.712969 1.159577 
1.008785 1.047971 1.208559 1.276615 
0.770130 0.654862 1.029171 0.947229 
1.190858 0.604720 1.014370 1.075193 
0.792622 1.133575 0.552228 0.707720 
1.299382 0.972620 1.240542 1.176942 
0.838339 0.869437 0.948450 1.039761 
0.745044 1.298405 1.309911 0.723162 
1.252841 0.517101 1.179658 1.280583 
0.848380 0.624465 1.083616 1.165894 
0.574690 0.777271 1.194582 0.431466 
1.062345 1.220919 0.864676 1.256015 
0.570631 1.291142 1.245395 1.208834 
0.819906 1.042477 1.027126 1.156739 
0.895744 0.660019 0.828909 1.219698 
1.006954 1.310674 1.269779 0.681687 
1.378456 0.589857 1.253177 1.262699 
1.059690 1.220705 0.495189 0.658371 
0.930902 1.160736 0.828726 0.753711 
0.687364 0.773609 1.313604 0.416329 
1.083952 1.221316 0.685136 1.276768 
1.220095 0.733233 1.171693 1.400520 
1.147491 0.908623 1.212374 1.259739 
0.581159 0.708300 1.106719 0.909386 
0.995326 1.292332 1.127105 0.775135 
0.885093 1.359351 1.125243 0.958460 
0.475688 1.144379 1.164246 0.465922 
0.660019 0.730853 1.207094 1.268375 
0.446085 0.833517 1.393257 0.596327 
0.695421 0.708239 0.934259 1.378272 
0.433633 1.344946 1.159668 1.227480 
0.514782 0.599959 0.744800 0.884056 
@@@@@@@@@@@@@@@@

qtd epocas = 2459


vetor com as saidas desejadas:
0.061100 0.286000 0.746400 0.483100 
0.510200 0.746400 0.086000 0.596500 
0.000400 0.691600 0.500600 0.531800 
0.943000 0.447600 0.264800 0.684300 
0.139900 0.161000 0.247700 0.287200 
0.642300 0.322900 0.856700 0.766300 
0.649200 0.000700 0.642200 0.566600 
0.181800 0.507800 0.904600 0.660100 
0.738200 0.264700 0.191600 0.542700 
0.387900 0.130700 0.865600 0.583600 
0.190300 0.652300 0.782000 0.695000 
0.840100 0.449000 0.271900 0.679000 
0.002900 0.326400 0.247600 0.295600 
0.708800 0.934200 0.276300 0.774200 
0.128300 0.188200 0.725300 0.466200 
0.888200 0.307700 0.893100 0.809300 
0.222500 0.918200 0.782000 0.758100 
0.195700 0.842300 0.308500 0.582600 
0.999100 0.591400 0.393300 0.793800 
y = 0.504375
y = 0.508756
y = 0.513142
y = 0.517533
y = 0.521927
y = 0.526325
y = 0.530725
y = 0.535127
y = 0.539530
y = 0.543933
y = 0.548336
y = 0.552738
y = 0.557139
y = 0.561536
y = 0.565931
y = 0.570321
y = 0.574707
y = 0.579088
y = 0.583462
y = 0.587830
