vetor pesos sinapticos original:
0.275521 0.099612 0.129460 0.005768 
0.562670 0.584216 0.194372 0.585009 
0.513016 0.639698 0.396191 0.611164 
0.330790 0.124638 0.245491 0.793298 
0.666555 0.253975 0.098117 0.562334 
0.232063 0.379162 0.939207 0.344462 
0.104617 0.700400 0.371715 0.219550 
0.877132 0.441389 0.217139 0.745506 
0.310038 0.518662 0.632832 0.229774 
0.641499 0.235725 0.153935 0.229652 
0.212043 0.034333 0.565020 0.561907 
0.559954 0.833583 0.007935 0.603961 
0.643391 0.987671 0.232765 0.166845 
0.346080 0.394879 0.396954 0.722068 
0.922178 0.787408 0.319956 0.262795 
0.536851 0.734519 0.599048 0.581652 
0.559069 0.389782 0.492843 0.245186 
0.762200 0.513657 0.978423 0.047273 
0.089297 0.802545 0.888638 0.222083 
0.139317 0.056154 0.535997 0.198065 
0.029664 0.213599 0.728599 0.174230 
0.792596 0.790063 0.585437 0.300119 
0.960540 0.745140 0.056368 0.740196 
0.497635 0.313913 0.553789 0.404462 
0.732871 0.832392 0.601337 0.626453 
0.451308 0.088168 0.907193 0.569445 
0.800348 0.227699 0.766717 0.642750 
0.165899 0.751701 0.201880 0.708640 
0.676321 0.629292 0.743065 0.362041 
0.488815 0.063021 0.259743 0.063295 
0.515854 0.935148 0.746361 0.405866 
0.747032 0.466933 0.469222 0.300119 
0.822840 0.122074 0.381420 0.354259 
0.016755 0.285684 0.211097 0.233863 
0.281838 0.749565 0.130161 0.281075 
0.517808 0.535600 0.409192 0.174993 
0.715323 0.088473 0.964873 0.914151 
0.133244 0.368297 0.206244 0.902463 
0.165563 0.875301 0.086337 0.420270 
0.053835 0.137181 0.764641 0.261086 
0.101718 0.690786 0.787439 0.815638 
0.547624 0.088900 0.192114 0.384533 
0.751885 0.964019 0.441145 0.000671 
0.854518 0.679678 0.592761 0.542741 
0.560076 0.601184 0.613971 0.420576 
0.205634 0.516678 0.242592 0.614673 
0.768273 0.239601 0.304147 0.350017 
0.968108 0.924558 0.890378 0.186010 
0.123447 0.126591 0.304971 0.803735 
0.914304 0.136692 0.183477 0.271676 
0.709738 0.623280 0.693075 0.071322 
0.616657 0.111820 0.218635 0.663594 
0.905118 0.333689 0.441633 0.877712 
0.966979 0.975188 0.217627 0.903378 
0.463851 0.858455 0.158818 0.168035 
0.821100 0.085055 0.328196 0.879849 
0.723289 0.173894 0.950926 0.518021 
0.768365 0.724265 0.549730 0.051790 
0.935881 0.635823 0.410566 0.168981 
0.026154 0.416334 0.784143 0.295663 
0.726310 0.608478 0.730338 0.688101 
0.459456 0.867153 0.011505 0.378124 
0.673513 0.718375 0.940672 0.253426 
0.725394 0.531175 0.591021 0.053713 
0.017609 0.733360 0.273293 0.564226 
0.542680 0.803003 0.686605 0.787683 
0.492111 0.066317 0.649586 0.375988 
0.086184 0.833674 0.817835 0.103244 
0.280709 0.904324 0.293741 0.660634 
0.506638 0.972076 0.535600 0.554827 
0.099551 0.962218 0.471145 0.391644 
0.574816 0.831416 0.222999 0.325144 
0.404187 0.861843 0.351482 0.954344 
0.451369 0.980590 0.021058 0.448256 
0.721427 0.135746 0.997284 0.180822 
0.581225 0.260537 0.879513 0.656941 
0.106662 0.856227 0.476882 0.010346 
0.713187 0.725761 0.732536 0.855617 
0.725730 0.889035 0.103092 0.774346 
0.044343 0.210639 0.799646 0.217780 
0.561937 0.772485 0.796106 0.106540 
0.489792 0.520920 0.011414 0.908811 
0.248115 0.221290 0.572008 0.478317 
0.076876 0.249916 0.560259 0.433485 
0.023743 0.255440 0.155950 0.358623 
0.465133 0.220252 0.576189 0.608814 
0.816858 0.954131 0.720542 0.999359 
0.590381 0.550005 0.927610 0.161504 
0.451064 0.834681 0.748985 0.845302 
0.434553 0.344157 0.147130 0.950804 
0.977721 0.856380 0.023438 0.569445 
0.920133 0.011078 0.482376 0.815973 
0.132786 0.049471 0.738426 0.733055 
0.929685 0.203864 0.071657 0.049043 
0.919095 0.769097 0.738762 0.070864 
0.450362 0.386822 0.244789 0.492569 
0.313028 0.574023 0.883206 0.401318 
0.843532 0.026734 0.949004 0.262001 
0.096896 0.730705 0.532548 0.161473 
0.239082 0.409467 0.299448 0.093692 
0.815882 0.342112 0.162969 0.567431 
0.055330 0.081118 0.255348 0.317240 
0.859798 0.101749 0.104251 0.399335 
0.643178 0.914731 0.420454 0.453352 
0.670553 0.672445 0.403119 0.411573 
0.055788 0.801355 0.968963 0.436415 
0.073794 0.690237 0.811457 0.367962 
0.943266 0.966826 0.696310 0.462203 
0.736320 0.393384 0.899655 0.701865 
0.571856 0.912809 0.194891 0.460463 
0.747673 0.876217 0.294870 0.801325 
0.968841 0.983520 0.154973 0.192541 
0.327555 0.968078 0.044313 0.919279 
0.191748 0.556871 0.790307 0.974303 
0.657643 0.737175 0.103519 0.708701 
0.723228 0.861110 0.388958 0.023316 
0.838710 0.619465 0.949644 0.382702 
0.990173 0.415967 0.989196 0.432081 
0.972594 0.172735 0.319620 0.499771 
0.008576 0.099307 0.180090 0.765130 
0.369274 0.455275 0.073672 0.373882 
0.152989 0.838496 0.027528 0.282083 
0.878933 0.029908 0.183477 0.109653 
0.050935 0.926542 0.124760 0.785150 
0.348857 0.592944 0.845393 0.262520 
0.602557 0.963897 0.768334 0.091708 
0.205664 0.227912 0.718772 0.123814 
0.125065 0.424512 0.258736 0.132206 
0.162145 0.284707 0.289285 0.631123 
0.622425 0.847591 0.326395 0.672567 
0.049409 0.883267 0.357189 0.903165 
0.179632 0.653645 0.682272 0.661916 
0.773919 0.042543 0.650655 0.400159 
0.482498 0.586077 0.693655 0.205267 
0.399335 0.434614 0.563829 0.708914 
0.462050 0.777703 0.185064 0.161290 
0.353923 0.763237 0.020447 0.952971 
0.064058 0.441847 0.363903 0.364696 
0.762169 0.768059 0.461837 0.827723 
0.143651 0.189093 0.871303 0.474197 
0.902127 0.853298 0.960387 0.260689 
0.484725 0.968413 0.957884 0.444838 
0.787225 0.341838 0.457656 0.696646 
0.944578 0.633717 0.784539 0.625996 
0.873501 0.354015 0.127781 0.007538 
0.723380 0.135228 0.848292 0.483779 
0.891446 0.311533 0.865841 0.028077 
0.758721 0.335917 0.532884 0.948820 
0.803125 0.066408 0.900815 0.715506 
0.245216 0.452864 0.784814 0.388806 
0.884243 0.654958 0.534196 0.934935 
0.278909 0.123630 0.913877 0.206275 
0.931120 0.676412 0.003143 0.869442 
0.626881 0.097812 0.519059 0.061251 
0.592700 0.297159 0.468795 0.055300 
0.621754 0.553331 0.539384 0.718833 
0.827692 0.879482 0.129368 0.042116 
0.181219 0.037721 0.429609 0.521744 
0.486465 0.235481 0.458815 0.677908 
0.952666 0.034852 0.460921 0.488357 
0.018159 0.506058 0.569658 0.019257 
0.582507 0.156102 0.146947 0.034913 
0.302744 0.664602 0.701682 0.866695 
0.110904 0.956786 0.794366 0.323527 
0.607959 0.646199 0.834895 0.924467 
0.491226 0.377575 0.178625 0.234565 
0.671346 0.101321 0.427992 0.586016 
0.234565 0.810999 0.344981 0.964599 
0.907468 0.774834 0.281594 0.344066 
0.179296 0.792749 0.534013 0.248695 
0.739616 0.509842 0.526597 0.825709 
0.385601 0.318033 0.232582 0.208472 
0.057192 0.876614 0.737205 0.452528 
0.154942 0.783197 0.349498 0.824427 
0.797540 0.426496 0.169500 0.725883 
0.174749 0.551866 0.516404 0.033692 
0.652852 0.570910 0.124607 0.136998 
0.787713 0.146580 0.513474 0.452895 
0.902585 0.085025 0.436995 0.702139 
0.386547 0.065035 0.820154 0.725517 
0.370067 0.236915 0.087588 0.122684 
0.933439 0.221595 0.291147 0.494613 
0.504868 0.541337 0.942442 0.570421 
0.604450 0.013581 0.956969 0.000641 
0.589618 0.138615 0.615558 0.097537 
0.559282 0.012848 0.949828 0.303995 
0.072085 0.798669 0.457503 0.672048 
0.835658 0.282052 0.554399 0.132603 
0.022340 0.549730 0.668569 0.837550 
0.368816 0.316080 0.383648 0.354747 
0.714560 0.932432 0.537034 0.998749 
0.136204 0.608539 0.679525 0.076540 
0.334178 0.878658 0.802484 0.331431 
0.426893 0.842982 0.738792 0.364696 
0.810022 0.215400 0.144047 0.317667 
0.236061 0.709555 0.463820 0.594195 
0.771111 0.793725 0.793786 0.905942 
0.784661 0.346232 0.038362 0.420789 
0.628925 0.242561 0.274819 0.296274 
0.163884 0.405255 0.728294 0.378887 
0.784265 0.347850 0.264718 0.350597 
0.053792,
0.053790,
0.053790,
0.053788,
0.053788,
0.053786,
0.053786,
0.053784,
0.053784,
0.053782,
0.053782,
0.053780,
0.053780,
0.053778,
0.053778,
0.053776,
0.053776,
0.053774,
0.053774,
0.053772,
0.053772,
0.053770,
0.053770,
0.053768,
0.053768,
0.053766,
0.053766,
0.053764,
0.053764,
0.053762,
0.053762,
0.053760,
0.053760,
0.053758,
0.053758,
0.053756,
0.053756,
0.053754,
0.053754,
0.053752,
0.053752,
0.053750,
0.053750,
0.053748,
0.053748,
0.053746,
0.053746,
0.053745,
0.053745,
0.053743,
0.053743,
0.053741,
0.053741,
0.053739,
0.053739,
0.053737,
0.053737,
0.053735,
0.053735,
0.053733,
0.053733,
0.053731,
0.053731,
0.053729,
0.053729,
0.053727,
0.053727,
0.053725,
0.053725,
0.053723,
0.053723,
0.053721,
0.053721,
0.053719,
0.053719,
0.053717,
0.053717,
0.053715,
0.053715,
0.053713,
0.053713,
0.053711,
0.053711,
0.053709,
0.053709,
0.053707,
0.053707,
0.053705,
0.053705,
0.053703,
0.053703,
0.053702,
0.053702,
0.053700,
0.053700,
0.053698,
0.053698,
0.053696,
0.053696,
0.053694,
0.053694,
0.053692,
0.053692,
0.053690,
0.053690,
0.053688,
0.053688,
0.053686,
0.053686,
0.053684,
0.053684,
0.053682,
0.053682,
0.053680,
0.053680,
0.053678,
0.053678,
0.053676,
0.053676,
0.053674,
0.053674,
0.053672,
0.053672,
0.053670,
0.053670,
0.053668,
0.053668,
0.053667,
0.053667,
0.053665,
0.053665,
0.053663,
0.053663,
0.053661,
0.053661,
0.053659,
0.053659,
0.053657,
0.053657,
0.053655,
0.053655,
0.053653,
0.053653,
0.053651,
0.053651,
0.053649,
0.053649,
0.053647,
0.053647,
0.053645,
0.053645,
0.053643,
0.053643,
0.053641,
0.053641,
0.053639,
0.053639,
0.053638,
0.053638,
0.053636,
0.053636,
0.053634,
0.053634,
0.053632,
0.053632,
0.053630,
0.053630,
0.053628,
0.053628,
0.053626,
0.053626,
0.053624,
0.053624,
0.053622,
0.053622,
0.053620,
0.053620,
0.053618,
0.053618,
0.053616,
0.053616,
0.053614,
0.053614,
0.053612,
0.053612,
0.053611,
0.053611,
0.053609,
0.053609,
0.053607,
0.053607,
0.053605,
0.053605,
0.053603,
0.053603,
0.053601,
0.053601,
0.053599,
0.053599,
0.053597,
0.053597,
0.053595,
0.053595,
0.053593,
0.053593,
0.053591,
0.053591,
0.053589,
0.053589,
0.053588,
0.053588,
0.053586,
0.053586,
0.053584,
0.053584,
0.053582,
0.053582,
0.053580,
0.053580,
0.053578,
0.053578,
0.053576,
0.053576,
0.053574,
0.053574,
0.053572,
0.053572,
0.053570,
0.053570,
0.053568,
0.053568,
0.053566,
0.053566,
0.053565,
0.053565,
0.053563,
0.053563,
0.053561,
0.053561,
0.053559,
0.053559,
0.053557,
0.053557,
0.053555,
0.053555,
0.053553,
0.053553,
0.053551,
0.053551,
0.053549,
0.053549,
0.053547,
0.053547,
0.053545,
0.053545,
0.053544,
0.053544,
0.053542,
0.053542,
0.053540,
0.053540,
0.053538,
0.053538,
0.053536,
0.053536,
0.053534,
0.053534,
0.053532,
0.053532,
0.053530,
0.053530,
0.053528,
0.053528,
0.053526,
0.053526,
0.053525,
0.053525,
0.053523,
0.053523,
0.053521,
0.053521,
0.053519,
0.053519,
0.053517,
0.053517,
0.053515,
0.053515,
0.053513,
0.053513,
0.053511,
0.053511,
0.053509,
0.053509,
0.053508,
0.053508,
0.053506,
0.053506,
0.053504,
0.053504,
0.053502,
0.053502,
0.053500,
0.053500,
0.053498,
0.053498,
0.053496,
0.053496,
0.053494,
0.053494,
0.053492,
0.053492,
0.053490,
0.053490,
0.053489,
0.053489,
0.053487,
0.053487,
0.053485,
0.053485,
0.053483,
0.053483,
0.053481,
0.053481,
0.053479,
0.053479,
0.053477,
0.053477,
0.053475,
0.053475,
0.053474,
0.053474,
0.053472,
0.053472,
0.053470,
0.053470,
0.053468,
0.053468,
0.053466,
0.053466,
0.053464,
0.053464,
0.053462,
0.053462,
0.053460,
0.053460,
0.053458,
0.053458,
0.053457,
0.053457,
0.053455,
0.053455,
0.053453,
0.053453,
0.053451,
0.053451,
0.053449,
0.053449,
0.053447,
0.053447,
0.053445,
0.053445,
0.053443,
0.053443,
0.053442,
0.053442,
0.053440,
0.053440,
0.053438,
0.053438,
0.053436,
0.053436,
0.053434,
0.053434,
0.053432,
0.053432,
0.053430,
0.053430,
0.053428,
0.053428,
0.053427,
0.053427,
0.053425,
0.053425,
0.053423,
0.053423,
0.053421,
0.053421,
0.053419,
0.053419,
0.053417,
0.053417,
0.053415,
0.053415,
0.053413,
0.053413,
0.053412,
0.053412,
0.053410,
0.053410,
0.053408,
0.053408,
0.053406,
0.053406,
0.053404,
0.053404,
0.053402,
0.053402,
0.053400,
0.053400,
0.053399,
0.053399,
0.053397,
0.053397,
0.053395,
0.053395,
0.053393,
0.053393,
0.053391,
0.053391,
0.053389,
0.053389,
0.053387,
0.053387,
0.053386,
0.053386,
0.053384,
0.053384,
0.053382,
0.053382,
0.053380,
0.053380,
0.053378,
0.053378,
0.053376,
0.053376,
0.053374,
0.053374,
0.053372,
0.053372,
0.053371,
0.053371,
0.053369,
0.053369,
0.053367,
0.053367,
0.053365,
0.053365,
0.053363,
0.053363,
0.053361,
0.053361,
0.053360,
0.053360,
0.053358,
0.053358,
0.053356,
0.053356,
0.053354,
0.053354,
0.053352,
0.053352,
0.053350,
0.053350,
0.053348,
0.053348,
0.053347,
0.053347,
0.053345,
0.053345,
0.053343,
0.053343,
0.053341,
0.053341,
0.053339,
0.053339,
0.053337,
0.053337,
0.053335,
0.053335,
0.053334,
0.053334,
0.053332,
0.053332,
0.053330,
0.053330,
0.053328,
0.053328,
0.053326,
0.053326,
0.053324,
0.053324,
0.053323,
0.053323,
0.053321,
0.053321,
0.053319,
0.053319,
0.053317,
0.053317,
0.053315,
0.053315,
0.053313,
0.053313,
0.053312,
0.053312,
0.053310,
0.053310,
0.053308,
0.053308,
0.053306,
0.053306,
0.053304,
0.053304,
0.053302,
0.053302,
0.053300,
0.053300,
0.053299,
0.053299,
0.053297,
0.053297,
0.053295,
0.053295,
0.053293,
0.053293,
0.053291,
0.053291,
0.053289,
0.053289,
0.053288,
0.053288,
0.053286,
0.053286,
0.053284,
0.053284,
0.053282,
0.053282,
0.053280,
0.053280,
0.053278,
0.053278,
0.053277,
0.053277,
0.053275,
0.053275,
0.053273,
0.053273,
0.053271,
0.053271,
0.053269,
0.053269,
0.053268,
0.053268,
0.053266,
0.053266,
0.053264,
0.053264,
0.053262,
0.053262,
0.053260,
0.053260,
0.053258,
0.053258,
0.053257,
0.053257,
0.053255,
0.053255,
0.053253,
0.053253,
0.053251,
0.053251,
0.053249,
0.053249,
0.053247,
0.053247,
0.053246,
0.053246,
0.053244,
0.053244,
0.053242,
0.053242,
0.053240,
0.053240,
0.053238,
0.053238,
0.053237,
0.053237,
0.053235,
0.053235,
0.053233,
0.053233,
0.053231,
0.053231,
0.053229,
0.053229,
0.053227,
0.053227,
0.053226,
0.053226,
0.053224,
0.053224,
0.053222,
0.053222,
0.053220,
0.053220,
0.053218,
0.053218,
0.053217,
0.053217,
0.053215,
0.053215,
0.053213,
0.053213,
0.053211,
0.053211,
0.053209,
0.053209,
0.053207,
0.053207,
0.053206,
0.053206,
0.053204,
0.053204,
0.053202,
0.053202,
0.053200,
0.053200,
0.053198,
0.053198,
0.053197,
0.053197,
0.053195,
0.053195,
0.053193,
0.053193,
0.053191,
0.053191,
0.053189,
0.053189,
0.053188,
0.053188,
0.053186,
0.053186,
0.053184,
0.053184,
0.053182,
0.053182,
0.053180,
0.053180,
0.053179,
0.053179,
0.053177,
0.053177,
0.053175,
0.053175,
0.053173,
0.053173,
0.053171,
0.053171,
0.053170,
0.053170,
0.053168,
0.053168,
0.053166,
0.053166,
0.053164,
0.053164,
0.053162,
0.053162,
0.053161,
0.053161,
0.053159,
0.053159,
0.053157,
0.053157,
0.053155,
0.053155,
0.053153,
0.053153,
0.053152,
0.053152,
0.053150,
0.053150,
0.053148,
0.053148,
0.053146,
0.053146,
0.053144,
0.053144,
0.053143,
0.053143,
0.053141,
0.053141,
0.053139,
0.053139,
0.053137,
0.053137,
0.053135,
0.053135,
0.053134,
0.053134,
0.053132,
0.053132,
0.053130,
0.053130,
0.053128,
0.053128,
0.053127,
0.053127,
0.053125,
0.053125,
0.053123,
0.053123,
0.053121,
0.053121,
0.053119,
0.053119,
0.053118,
0.053118,
0.053116,
0.053116,
0.053114,
0.053114,
0.053112,
0.053112,
0.053110,
0.053110,
0.053109,
0.053109,
0.053107,
0.053107,
0.053105,
0.053105,
0.053103,
0.053103,
0.053102,
0.053102,
0.053100,
0.053100,
0.053098,
0.053098,
0.053096,
0.053096,
0.053094,
0.053094,
0.053093,
0.053093,
0.053091,
0.053091,
0.053089,
0.053089,
0.053087,
0.053087,
0.053086,
0.053086,
0.053084,
0.053084,
0.053082,
0.053082,
0.053080,
0.053080,
0.053078,
0.053078,
0.053077,
0.053077,
0.053075,
0.053075,
0.053073,
0.053073,
0.053071,
0.053071,
0.053070,
0.053070,
0.053068,
0.053068,
0.053066,
0.053066,
0.053064,
0.053064,
0.053062,
0.053062,
0.053061,
0.053061,
0.053059,
0.053059,
0.053057,
0.053057,
0.053055,
0.053055,
0.053054,
0.053054,
0.053052,
0.053052,
0.053050,
0.053050,
0.053048,
0.053048,
0.053047,
0.053047,
0.053045,
0.053045,
0.053043,
0.053043,
0.053041,
0.053041,
0.053039,
0.053039,
0.053038,
0.053038,
0.053036,
0.053036,
0.053034,
0.053034,
0.053032,
0.053032,
0.053031,
0.053031,
0.053029,
0.053029,
0.053027,
0.053027,
0.053025,
0.053025,
0.053024,
0.053024,
0.053022,
0.053022,
0.053020,
0.053020,
0.053018,
0.053018,
0.053017,
0.053017,
0.053015,
0.053015,
0.053013,
0.053013,
0.053011,
0.053011,
0.053010,
0.053010,
0.053008,
0.053008,
0.053006,
0.053006,
0.053004,
0.053004,
0.053003,
0.053003,
0.053001,
0.053001,
0.052999,
0.052999,
0.052997,
0.052997,
0.052996,
0.052996,
0.052994,
0.052994,
0.052992,
0.052992,
0.052990,
0.052990,
0.052989,
0.052989,
0.052987,
0.052987,
0.052985,
0.052985,
0.052983,
0.052983,
0.052982,
0.052982,
0.052980,
0.052980,
0.052978,
0.052978,
0.052976,
0.052976,
0.052975,
0.052975,
0.052973,
0.052973,
0.052971,
0.052971,
0.052969,
0.052969,
0.052968,
0.052968,
0.052966,
0.052966,
0.052964,
0.052964,
0.052962,
0.052962,
0.052961,
0.052961,
0.052959,
0.052959,
0.052957,
0.052957,
0.052955,
0.052955,
0.052954,
0.052954,
0.052952,
0.052952,
0.052950,
0.052950,
0.052948,
0.052948,
0.052947,
0.052947,
0.052945,
0.052945,
0.052943,
0.052943,
0.052941,
0.052941,
0.052940,
0.052940,
0.052938,
0.052938,
0.052936,
0.052936,
0.052935,
0.052935,
0.052933,
0.052933,
0.052931,
0.052931,
0.052929,
0.052929,
0.052928,
0.052928,
0.052926,
0.052926,
0.052924,
0.052924,
0.052922,
0.052922,
0.052921,
0.052921,
0.052919,
0.052919,
0.052917,
0.052917,
0.052915,
0.052915,
0.052914,
0.052914,
0.052912,
0.052912,
0.052910,
0.052910,
0.052909,
0.052909,
0.052907,
0.052907,
0.052905,
0.052905,
0.052903,
0.052903,
0.052902,
0.052902,
0.052900,
0.052900,
0.052898,
0.052898,
0.052896,
0.052896,
0.052895,
0.052895,
0.052893,
0.052893,
0.052891,
0.052891,
0.052890,
0.052890,
0.052888,
0.052888,
0.052886,
0.052886,
0.052884,
0.052884,
0.052883,
0.052883,
0.052881,
0.052881,
0.052879,
0.052879,
0.052877,
0.052877,
0.052876,
0.052876,
0.052874,
0.052874,
0.052872,
0.052872,
0.052871,
0.052871,
0.052869,
0.052869,
0.052867,
0.052867,
0.052865,
0.052865,
0.052864,
0.052864,
0.052862,
0.052862,
0.052860,
0.052860,
0.052859,
0.052859,
0.052857,
0.052857,
0.052855,
0.052855,
0.052853,
0.052853,
0.052852,
0.052852,
0.052850,
0.052850,
0.052848,
0.052848,
0.052847,
0.052847,
0.052845,
0.052845,
0.052843,
0.052843,
0.052841,
0.052841,
0.052840,
0.052840,
0.052838,
0.052838,
0.052836,
0.052836,
0.052835,
0.052835,
0.052833,
0.052833,
0.052831,
0.052831,
0.052830,
0.052830,
0.052828,
0.052828,
0.052826,
0.052826,
0.052824,
0.052824,
0.052823,
0.052823,
0.052821,
0.052821,
0.052819,
0.052819,
0.052818,
0.052818,
0.052816,
0.052816,
0.052814,
0.052814,
0.052812,
0.052812,
0.052811,
0.052811,
0.052809,
0.052809,
0.052807,
0.052807,
0.052806,
0.052806,
0.052804,
0.052804,
0.052802,
0.052802,
0.052801,
0.052801,
0.052799,
0.052799,
0.052797,
0.052797,
0.052795,
0.052795,
0.052794,
0.052794,
0.052792,
0.052792,
0.052790,
0.052790,
0.052789,
0.052789,
0.052787,
0.052787,
0.052785,
0.052785,
0.052784,
0.052784,
0.052782,
0.052782,
0.052780,
0.052780,
0.052779,
0.052779,
0.052777,
0.052777,
0.052775,
0.052775,
0.052773,
0.052773,
0.052772,
0.052772,
0.052770,
0.052770,
0.052768,
0.052768,
0.052767,
0.052767,
0.052765,
0.052765,
0.052763,
0.052763,
0.052762,
0.052762,
0.052760,
0.052760,
0.052758,
0.052758,
0.052757,
0.052757,
0.052755,
0.052755,
0.052753,
0.052753,
0.052752,
0.052752,
0.052750,
0.052750,
0.052748,
0.052748,
0.052746,
0.052746,
0.052745,
0.052745,
0.052743,
0.052743,
0.052741,
0.052741,
0.052740,
0.052740,
0.052738,
0.052738,
0.052736,
0.052736,
0.052735,
0.052735,
0.052733,
0.052733,
0.052731,
0.052731,
0.052730,
0.052730,
0.052728,
0.052728,
0.052726,
0.052726,
0.052725,
0.052725,
0.052723,
0.052723,
0.052721,
0.052721,
0.052720,
0.052720,
0.052718,
0.052718,
0.052716,
0.052716,
0.052715,
0.052715,
0.052713,
0.052713,
0.052711,
0.052711,
0.052710,
0.052710,
0.052708,
0.052708,
0.052706,
0.052706,
0.052705,
0.052705,
0.052703,
0.052703,
0.052701,
0.052701,
0.052699,
0.052699,
0.052698,
0.052698,
0.052696,
0.052696,
0.052694,
0.052694,
0.052693,
0.052693,
0.052691,
0.052691,
0.052689,
0.052689,
0.052688,
0.052688,
0.052686,
0.052686,
0.052684,
0.052684,
0.052683,
0.052683,
0.052681,
0.052681,
0.052679,
0.052679,
0.052678,
0.052678,
0.052676,
0.052676,
0.052674,
0.052674,
0.052673,
0.052673,
0.052671,
0.052671,
0.052669,
0.052669,
0.052668,
0.052668,
0.052666,
0.052666,
0.052665,
0.052665,
0.052663,
0.052663,
0.052661,
0.052661,
0.052660,
0.052660,
0.052658,
0.052658,
0.052656,
0.052656,
0.052655,
0.052655,
0.052653,
0.052653,
0.052651,
0.052651,
0.052650,
0.052650,
0.052648,
0.052648,
0.052646,
0.052646,
0.052645,
0.052645,
0.052643,
0.052643,
0.052641,
0.052641,
0.052640,
0.052640,
0.052638,
0.052638,
0.052636,
0.052636,
0.052635,
0.052635,
0.052633,
0.052633,
0.052631,
0.052631,
0.052630,
0.052630,
0.052628,
0.052628,
0.052626,
0.052626,
0.052625,
0.052625,
0.052623,
0.052623,
0.052621,
0.052621,
0.052620,
0.052620,
0.052618,
0.052618,
0.052617,
0.052617,
0.052615,
0.052615,
0.052613,
0.052613,
0.052612,
0.052612,
0.052610,
0.052610,
0.052608,
0.052608,
0.052607,
0.052607,
0.052605,
0.052605,
0.052603,
0.052603,
0.052602,
0.052602,
0.052600,
0.052600,
0.052598,
0.052598,
0.052597,
0.052597,
0.052595,
0.052595,
0.052593,
0.052593,
0.052592,
0.052592,
0.052590,
0.052590,
0.052589,
0.052589,
0.052587,
0.052587,
0.052585,
0.052585,
0.052584,
0.052584,
0.052582,
0.052582,
0.052580,
0.052580,
0.052579,
0.052579,
0.052577,
0.052577,
0.052575,
0.052575,
0.052574,
0.052574,
0.052572,
0.052572,
0.052571,
0.052571,
0.052569,
0.052569,
0.052567,
0.052567,
0.052566,
0.052566,
0.052564,
0.052564,
0.052562,
0.052562,
0.052561,
0.052561,
0.052559,
0.052559,
0.052557,
0.052557,
0.052556,
0.052556,
0.052554,
0.052554,
0.052553,
0.052553,
0.052551,
0.052551,
0.052549,
0.052549,
0.052548,
0.052548,
0.052546,
0.052546,
0.052544,
0.052544,
0.052543,
0.052543,
0.052541,
0.052541,
0.052540,
0.052540,
0.052538,
0.052538,
0.052536,
0.052536,
0.052535,
0.052535,
0.052533,
0.052533,
0.052531,
0.052531,
0.052530,
0.052530,
0.052528,
0.052528,
0.052527,
0.052527,
0.052525,
0.052525,
0.052523,
0.052523,
0.052522,
0.052522,
0.052520,
0.052520,
0.052518,
0.052518,
0.052517,
0.052517,
0.052515,
0.052515,
0.052514,
0.052514,
0.052512,
0.052512,
0.052510,
0.052510,
0.052509,
0.052509,
0.052507,
0.052507,
0.052505,
0.052505,
0.052504,
0.052504,
0.052502,
0.052502,
0.052501,
0.052501,
0.052499,
0.052499,
0.052497,
0.052497,
0.052496,
0.052496,
0.052494,
0.052494,
0.052493,
0.052493,
0.052491,
0.052491,
0.052489,
0.052489,
0.052488,
0.052488,
0.052486,
0.052486,
0.052484,
0.052484,
0.052483,
0.052483,
0.052481,
0.052481,
0.052480,
0.052480,
0.052478,
0.052478,
0.052476,
0.052476,
0.052475,
0.052475,
0.052473,
0.052473,
0.052472,
0.052472,
0.052470,
0.052470,
0.052468,
0.052468,
0.052467,
0.052467,
0.052465,
0.052465,
0.052464,
0.052464,
0.052462,
0.052462,
0.052460,
0.052460,
0.052459,
0.052459,
0.052457,
0.052457,
0.052455,
0.052455,
0.052454,
0.052454,
0.052452,
0.052452,
0.052451,
0.052451,
0.052449,
0.052449,
0.052447,
0.052447,
0.052446,
0.052446,
0.052444,
0.052444,
0.052443,
0.052443,
0.052441,
0.052441,
0.052439,
0.052439,
0.052438,
0.052438,
0.052436,
0.052436,
0.052435,
0.052435,
0.052433,
0.052433,
0.052431,
0.052431,
0.052430,
0.052430,
0.052428,
0.052428,
0.052427,
0.052427,
0.052425,
0.052425,
0.052423,
0.052423,
0.052422,
0.052422,
0.052420,
0.052420,
0.052419,
0.052419,
0.052417,
0.052417,
0.052416,
0.052416,
0.052414,
0.052414,
0.052412,
0.052412,
0.052411,
0.052411,
0.052409,
0.052409,
0.052408,
0.052408,
0.052406,
0.052406,
0.052404,
0.052404,
0.052403,
0.052403,
0.052401,
0.052401,
0.052400,
0.052400,
0.052398,
0.052398,
0.052396,
0.052396,
0.052395,
0.052395,
0.052393,
0.052393,
0.052392,
0.052392,
0.052390,
0.052390,
0.052388,
0.052388,
0.052387,
0.052387,
0.052385,
0.052385,
0.052384,
0.052384,
0.052382,
0.052382,
0.052381,
0.052381,
0.052379,
0.052379,
0.052377,
0.052377,
0.052376,
0.052376,
0.052374,
0.052374,
0.052373,
0.052373,
0.052371,
0.052371,
0.052369,
0.052369,
0.052368,
0.052368,
0.052366,
0.052366,
0.052365,
0.052365,
0.052363,
0.052363,
0.052362,
0.052362,
0.052360,
0.052360,
0.052358,
0.052358,
0.052357,
0.052357,
0.052355,
0.052355,
0.052354,
0.052354,
0.052352,
0.052352,
0.052351,
0.052351,
0.052349,
0.052349,
0.052347,
0.052347,
0.052346,
0.052346,
0.052344,
0.052344,
0.052343,
0.052343,
0.052341,
0.052341,
0.052339,
0.052339,
0.052338,
0.052338,
0.052336,
0.052336,
0.052335,
0.052335,
0.052333,
0.052333,
0.052332,
0.052332,
0.052330,
0.052330,
0.052328,
0.052328,
0.052327,
0.052327,
0.052325,
0.052325,
0.052324,
0.052324,
0.052322,
0.052322,
0.052321,
0.052321,
0.052319,
0.052319,
0.052318,
0.052318,
0.052316,
0.052316,
0.052314,
0.052314,
0.052313,
0.052313,
0.052311,
0.052311,
0.052310,
0.052310,
0.052308,
0.052308,
0.052307,
0.052307,
0.052305,
0.052305,
0.052303,
0.052303,
0.052302,
0.052302,
0.052300,
0.052300,
0.052299,
0.052299,
0.052297,
0.052297,
0.052296,
0.052296,
0.052294,
0.052294,
0.052292,
0.052292,
0.052291,
0.052291,
0.052289,
0.052289,
0.052288,
0.052288,
0.052286,
0.052286,
0.052285,
0.052285,
0.052283,
0.052283,
0.052282,
0.052282,
0.052280,
0.052280,
0.052278,
0.052278,
0.052277,
0.052277,
0.052275,
0.052275,
0.052274,
0.052274,
0.052272,
0.052272,
0.052271,
0.052271,
0.052269,
0.052269,
0.052268,
0.052268,
0.052266,
0.052266,
0.052264,
0.052264,
0.052263,
0.052263,
0.052261,
0.052261,
0.052260,
0.052260,
0.052258,
0.052258,
0.052257,
0.052257,
0.052255,
0.052255,
0.052254,
0.052254,
0.052252,
0.052252,
0.052250,
0.052250,
0.052249,
0.052249,
0.052247,
0.052247,
0.052246,
0.052246,
0.052244,
0.052244,
0.052243,
0.052243,
0.052241,
0.052241,
0.052240,
0.052240,
0.052238,
0.052238,
0.052237,
0.052237,
0.052235,
0.052235,
0.052233,
0.052233,
0.052232,
0.052232,
0.052230,
0.052230,
0.052229,
0.052229,
0.052227,
0.052227,
0.052226,
0.052226,
0.052224,
0.052224,
0.052223,
0.052223,
0.052221,
0.052221,
0.052220,
0.052220,
0.052218,
0.052218,
0.052217,
0.052217,
0.052215,
0.052215,
0.052213,
0.052213,
0.052212,
0.052212,
0.052210,
0.052210,
0.052209,
0.052209,
0.052207,
0.052207,
0.052206,
0.052206,
0.052204,
0.052204,
0.052203,
0.052203,
0.052201,
0.052201,
0.052200,
0.052200,
0.052198,
0.052198,
0.052197,
0.052197,
0.052195,
0.052195,
0.052193,
0.052193,
0.052192,
0.052192,
0.052190,
0.052190,
0.052189,
0.052189,
0.052187,
0.052187,
0.052186,
0.052186,
0.052184,
0.052184,
0.052183,
0.052183,
0.052181,
0.052181,
0.052180,
0.052180,
0.052178,
0.052178,
0.052177,
0.052177,
0.052175,
0.052175,
0.052174,
0.052174,
0.052172,
0.052172,
0.052170,
0.052170,
0.052169,
0.052169,
0.052167,
0.052167,
0.052166,
0.052166,
0.052164,
0.052164,
0.052163,
0.052163,
0.052161,
0.052161,
0.052160,
0.052160,
0.052158,
0.052158,
0.052157,
0.052157,
0.052155,
0.052155,
0.052154,
0.052154,
0.052152,
0.052152,
0.052151,
0.052151,
0.052149,
0.052149,
0.052148,
0.052148,
0.052146,
0.052146,
0.052145,
0.052145,
0.052143,
0.052143,
0.052142,
0.052142,
0.052140,
0.052140,
0.052138,
0.052138,
0.052137,
0.052137,
0.052135,
0.052135,
0.052134,
0.052134,
0.052132,
0.052132,
0.052131,
0.052131,
0.052129,
0.052129,
0.052128,
0.052128,
0.052126,
0.052126,
0.052125,
0.052125,
0.052123,
0.052123,
0.052122,
0.052122,
0.052120,
0.052120,
0.052119,
0.052119,
0.052117,
0.052117,
0.052116,
0.052116,
0.052114,
0.052114,
0.052113,
0.052113,
0.052111,
0.052111,
0.052110,
0.052110,
0.052108,
0.052108,
0.052107,
0.052107,
0.052105,
0.052105,
0.052104,
0.052104,
0.052102,
0.052102,
0.052101,
0.052101,
0.052099,
0.052099,
0.052098,
0.052098,
0.052096,
0.052096,
0.052095,
0.052095,
0.052093,
0.052093,
0.052092,
0.052092,
0.052090,
0.052090,
0.052089,
0.052089,
0.052087,
0.052087,
0.052086,
0.052086,
0.052084,
0.052084,
0.052083,
0.052083,
0.052081,
0.052081,
0.052080,
0.052080,
0.052078,
0.052078,
0.052077,
0.052077,
0.052075,
0.052075,
0.052074,
0.052074,
0.052072,
0.052072,
0.052071,
0.052071,
0.052069,
0.052069,
0.052068,
0.052068,
0.052066,
0.052066,
0.052065,
0.052065,
0.052063,
0.052063,
0.052062,
0.052062,
0.052060,
0.052060,
0.052059,
0.052059,
0.052057,
0.052057,
0.052056,
0.052056,
0.052054,
0.052054,
0.052053,
0.052053,
0.052051,
0.052051,
0.052050,
0.052050,
0.052048,
0.052048,
0.052047,
0.052047,
0.052045,
0.052045,
0.052044,
0.052044,
0.052042,
0.052042,
0.052041,
0.052041,
0.052039,
0.052039,
0.052038,
0.052038,
0.052036,
0.052036,
0.052035,
0.052035,
0.052033,
0.052033,
0.052032,
0.052032,
0.052030,
0.052030,
0.052029,
0.052029,
0.052027,
0.052027,
0.052026,
0.052026,
0.052024,
0.052024,
0.052023,
0.052023,
0.052021,
0.052021,
0.052020,
0.052020,
0.052018,
0.052018,
0.052017,
0.052017,
0.052015,
0.052015,
0.052014,
0.052014,
0.052012,
0.052012,
0.052011,
0.052011,
0.052009,
0.052009,
0.052008,
0.052008,
0.052006,
0.052006,
0.052005,
0.052005,
0.052003,
0.052003,
0.052002,
0.052002,
0.052000,
0.052000,
0.051999,
0.051999,
0.051997,
0.051997,
0.051996,
0.051996,
0.051994,
0.051994,
0.051993,
0.051993,
0.051992,
0.051992,
0.051990,
0.051990,
0.051989,
0.051989,
0.051987,
0.051987,
0.051986,
0.051986,
0.051984,
0.051984,
0.051983,
0.051983,
0.051981,
0.051981,
0.051980,
0.051980,
0.051978,
0.051978,
0.051977,
0.051977,
0.051975,
0.051975,
0.051974,
0.051974,
0.051972,
0.051972,
0.051971,
0.051971,
0.051969,
0.051969,
0.051968,
0.051968,
0.051966,
0.051966,
0.051965,
0.051965,
0.051963,
0.051963,
0.051962,
0.051962,
0.051961,
0.051961,
0.051959,
0.051959,
0.051958,
0.051958,
0.051956,
0.051956,
0.051955,
0.051955,
0.051953,
0.051953,
0.051952,
0.051952,
0.051950,
0.051950,
0.051949,
0.051949,
0.051947,
0.051947,
0.051946,
0.051946,
0.051944,
0.051944,
0.051943,
0.051943,
0.051941,
0.051941,
0.051940,
0.051940,
0.051938,
0.051938,
0.051937,
0.051937,
0.051936,
0.051936,
0.051934,
0.051934,
0.051933,
0.051933,
0.051931,
0.051931,
0.051930,
0.051930,
0.051928,
0.051928,
0.051927,
0.051927,
0.051925,
0.051925,
0.051924,
0.051924,
0.051922,
0.051922,
0.051921,
0.051921,
0.051919,
0.051919,
0.051918,
0.051918,
0.051917,
0.051917,
0.051915,
0.051915,
0.051914,
0.051914,
0.051912,
0.051912,
0.051911,
0.051911,
0.051909,
0.051909,
0.051908,
0.051908,
0.051906,
0.051906,
0.051905,
0.051905,
0.051903,
0.051903,
0.051902,
0.051902,
0.051900,
0.051900,
0.051899,
0.051899,
0.051898,
0.051898,
0.051896,
0.051896,
0.051895,
0.051895,
0.051893,
0.051893,
0.051892,
0.051892,
0.051890,
0.051890,
0.051889,
0.051889,
0.051887,
0.051887,
0.051886,
0.051886,
0.051885,
0.051885,
0.051883,
0.051883,
0.051882,
0.051882,
0.051880,
0.051880,
0.051879,
0.051879,
0.051877,
0.051877,
0.051876,
0.051876,
0.051874,
0.051874,
0.051873,
0.051873,
0.051871,
0.051871,
0.051870,
0.051870,
0.051869,
0.051869,
0.051867,
0.051867,
0.051866,
0.051866,
0.051864,
0.051864,
0.051863,
0.051863,
0.051861,
0.051861,
0.051860,
0.051860,
0.051858,
0.051858,
0.051857,
0.051857,
0.051856,
0.051856,
0.051854,
0.051854,
0.051853,
0.051853,
0.051851,
0.051851,
0.051850,
0.051850,
0.051848,
0.051848,
0.051847,
0.051847,
0.051845,
0.051845,
0.051844,
0.051844,
0.051843,
0.051843,
0.051841,
0.051841,
0.051840,
0.051840,
0.051838,
0.051838,
0.051837,
0.051837,
0.051835,
0.051835,
0.051834,
0.051834,
0.051832,
0.051832,
0.051831,
0.051831,
0.051830,
0.051830,
0.051828,
0.051828,
0.051827,
0.051827,
0.051825,
0.051825,
0.051824,
0.051824,
0.051822,
0.051822,
0.051821,
0.051821,
0.051820,
0.051820,
0.051818,
0.051818,
0.051817,
0.051817,
0.051815,
0.051815,
0.051814,
0.051814,
0.051812,
0.051812,
0.051811,
0.051811,
0.051810,
0.051810,
0.051808,
0.051808,
0.051807,
0.051807,
0.051805,
0.051805,
0.051804,
0.051804,
0.051802,
0.051802,
0.051801,
0.051801,
0.051800,
0.051800,
0.051798,
0.051798,
0.051797,
0.051797,
0.051795,
0.051795,
0.051794,
0.051794,
0.051792,
0.051792,
0.051791,
0.051791,
0.051790,
0.051790,
0.051788,
0.051788,
0.051787,
0.051787,
0.051785,
0.051785,
0.051784,
0.051784,
0.051782,
0.051782,
0.051781,
0.051781,
0.051780,
0.051780,
0.051778,
0.051778,
0.051777,
0.051777,
0.051775,
0.051775,
0.051774,
0.051774,
0.051772,
0.051772,
0.051771,
0.051771,
0.051770,
0.051770,
0.051768,
0.051768,
0.051767,
0.051767,
0.051765,
0.051765,
0.051764,
0.051764,
0.051762,
0.051762,
0.051761,
0.051761,
0.051760,
0.051760,
0.051758,
0.051758,
0.051757,
0.051757,
0.051755,
0.051755,
0.051754,
0.051754,
0.051753,
0.051753,
0.051751,
0.051751,
0.051750,
0.051750,
0.051748,
0.051748,
0.051747,
0.051747,
0.051745,
0.051745,
0.051744,
0.051744,
0.051743,
0.051743,
0.051741,
0.051741,
0.051740,
0.051740,
0.051738,
0.051738,
0.051737,
0.051737,
0.051736,
0.051736,
0.051734,
0.051734,
0.051733,
0.051733,
0.051731,
0.051731,
0.051730,
0.051730,
0.051729,
0.051729,
0.051727,
0.051727,
0.051726,
0.051726,
0.051724,
0.051724,
0.051723,
0.051723,
0.051721,
0.051721,
0.051720,
0.051720,
0.051719,
0.051719,
0.051717,
0.051717,
0.051716,
0.051716,
0.051714,
0.051714,
0.051713,
0.051713,
0.051712,
0.051712,
0.051710,
0.051710,
0.051709,
0.051709,
0.051707,
0.051707,
0.051706,
0.051706,
0.051705,
0.051705,
0.051703,
0.051703,
0.051702,
0.051702,
0.051700,
0.051700,
0.051699,
0.051699,
0.051698,
0.051698,
0.051696,
0.051696,
0.051695,
0.051695,
0.051693,
0.051693,
0.051692,
0.051692,
0.051691,
0.051691,
0.051689,
0.051689,
0.051688,
0.051688,
0.051686,
0.051686,
0.051685,
0.051685,
0.051684,
0.051684,
0.051682,
0.051682,
0.051681,
0.051681,
0.051679,
0.051679,
0.051678,
0.051678,
0.051677,
0.051677,
0.051675,
0.051675,
0.051674,
0.051674,
0.051672,
0.051672,
0.051671,
0.051671,
0.051670,
0.051670,
0.051668,
0.051668,
0.051667,
0.051667,
0.051665,
0.051665,
0.051664,
0.051664,
0.051663,
0.051663,
0.051661,
0.051661,
0.051660,
0.051660,
0.051658,
0.051658,
0.051657,
0.051657,
0.051656,
0.051656,
0.051654,
0.051654,
0.051653,
0.051653,
0.051652,
0.051652,
0.051650,
0.051650,
0.051649,
0.051649,
0.051647,
0.051647,
0.051646,
0.051646,
0.051645,
0.051645,
0.051643,
0.051643,
0.051642,
0.051642,
0.051640,
0.051640,
0.051639,
0.051639,
0.051638,
0.051638,
0.051636,
0.051636,
0.051635,
0.051635,
0.051633,
0.051633,
0.051632,
0.051632,
0.051631,
0.051631,
0.051629,
0.051629,
0.051628,
0.051628,
0.051627,
0.051627,
0.051625,
0.051625,
0.051624,
0.051624,
0.051622,
0.051622,
0.051621,
0.051621,
0.051620,
0.051620,
0.051618,
0.051618,
0.051617,
0.051617,
0.051616,
0.051616,
0.051614,
0.051614,
0.051613,
0.051613,
0.051611,
0.051611,
0.051610,
0.051610,
0.051609,
0.051609,
0.051607,
0.051607,
0.051606,
0.051606,
0.051604,
0.051604,
0.051603,
0.051603,
0.051602,
0.051602,
0.051600,
0.051600,
0.051599,
0.051599,
0.051598,
0.051598,
0.051596,
0.051596,
0.051595,
0.051595,
0.051593,
0.051593,
0.051592,
0.051592,
0.051591,
0.051591,
0.051589,
0.051589,
0.051588,
0.051588,
0.051587,
0.051587,
0.051585,
0.051585,
0.051584,
0.051584,
0.051582,
0.051582,
0.051581,
0.051581,
0.051580,
0.051580,
0.051578,
0.051578,
0.051577,
0.051577,
0.051576,
0.051576,
0.051574,
0.051574,
0.051573,
0.051573,
0.051572,
0.051572,
0.051570,
0.051570,
0.051569,
0.051569,
0.051567,
0.051567,
0.051566,
0.051566,
0.051565,
0.051565,
0.051563,
0.051563,
0.051562,
0.051562,
0.051561,
0.051561,
0.051559,
0.051559,
0.051558,
0.051558,
0.051556,
0.051556,
0.051555,
0.051555,
0.051554,
0.051554,
0.051552,
0.051552,
0.051551,
0.051551,
0.051550,
0.051550,
0.051548,
0.051548,
0.051547,
0.051547,
0.051546,
0.051546,
0.051544,
0.051544,
0.051543,
0.051543,
0.051541,
0.051541,
0.051540,
0.051540,
0.051539,
0.051539,
0.051537,
0.051537,
0.051536,
0.051536,
0.051535,
0.051535,
0.051533,
0.051533,
0.051532,
0.051532,
0.051531,
0.051531,
0.051529,
0.051529,
0.051528,
0.051528,
0.051527,
0.051527,
0.051525,
0.051525,
0.051524,
0.051524,
0.051522,
0.051522,
0.051521,
0.051521,
0.051520,
0.051520,
0.051518,
0.051518,
0.051517,
0.051517,
0.051516,
0.051516,
0.051514,
0.051514,
0.051513,
0.051513,
0.051512,
0.051512,
0.051510,
0.051510,
0.051509,
0.051509,
0.051508,
0.051508,
0.051506,
0.051506,
0.051505,
0.051505,
0.051504,
0.051504,
0.051502,
0.051502,
0.051501,
0.051501,
0.051499,
0.051499,
0.051498,
0.051498,
0.051497,
0.051497,
0.051495,
0.051495,
0.051494,
0.051494,
0.051493,
0.051493,
0.051491,
0.051491,
0.051490,
0.051490,
0.051489,
0.051489,
0.051487,
0.051487,
0.051486,
0.051486,
0.051485,
0.051485,
0.051483,
0.051483,
0.051482,
0.051482,
0.051481,
0.051481,
0.051479,
0.051479,
0.051478,
0.051478,
0.051477,
0.051477,
0.051475,
0.051475,
0.051474,
0.051474,
0.051473,
0.051473,
0.051471,
0.051471,
0.051470,
0.051470,
0.051469,
0.051469,
0.051467,
0.051467,
0.051466,
0.051466,
0.051464,
0.051464,
0.051463,
0.051463,
0.051462,
0.051462,
0.051460,
0.051460,
0.051459,
0.051459,
0.051458,
0.051458,
0.051456,
0.051456,
0.051455,
0.051455,
0.051454,
0.051454,
0.051452,
0.051452,
0.051451,
0.051451,
0.051450,
0.051450,
0.051448,
0.051448,
0.051447,
0.051447,
0.051446,
0.051446,
0.051444,
0.051444,
0.051443,
0.051443,
0.051442,
0.051442,
0.051440,
0.051440,
0.051439,
0.051439,
0.051438,
0.051438,
0.051436,
0.051436,
0.051435,
0.051435,
0.051434,
0.051434,
0.051432,
0.051432,
0.051431,
0.051431,
0.051430,
0.051430,
0.051428,
0.051428,
0.051427,
0.051427,
0.051426,
0.051426,
0.051424,
0.051424,
0.051423,
0.051423,
0.051422,
0.051422,
0.051420,
0.051420,
0.051419,
0.051419,
0.051418,
0.051418,
0.051416,
0.051416,
0.051415,
0.051415,
0.051414,
0.051414,
0.051412,
0.051412,
0.051411,
0.051411,
0.051410,
0.051410,
0.051408,
0.051408,
0.051407,
0.051407,
0.051406,
0.051406,
0.051404,
0.051404,
0.051403,
0.051403,
0.051402,
0.051402,
0.051401,
0.051401,
0.051399,
0.051399,
0.051398,
0.051398,
0.051397,
0.051397,
0.051395,
0.051395,
0.051394,
0.051394,
0.051393,
0.051393,
0.051391,
0.051391,
0.051390,
0.051390,
0.051389,
0.051389,
0.051387,
0.051387,
0.051386,
0.051386,
0.051385,
0.051385,
0.051383,
0.051383,
0.051382,
0.051382,
0.051381,
0.051381,
0.051379,
0.051379,
0.051378,
0.051378,
0.051377,
0.051377,
0.051375,
0.051375,
0.051374,
0.051374,
0.051373,
0.051373,
0.051371,
0.051371,
0.051370,
0.051370,
0.051369,
0.051369,
0.051368,
0.051368,
0.051366,
0.051366,
0.051365,
0.051365,
0.051364,
0.051364,
0.051362,
0.051362,
0.051361,
0.051361,
0.051360,
0.051360,
0.051358,
0.051358,
0.051357,
0.051357,
0.051356,
0.051356,
0.051354,
0.051354,
0.051353,
0.051353,
0.051352,
0.051352,
0.051350,
0.051350,
0.051349,
0.051349,
0.051348,
0.051348,
0.051347,
0.051347,
0.051345,
0.051345,
0.051344,
0.051344,
0.051343,
0.051343,
0.051341,
0.051341,
0.051340,
0.051340,
0.051339,
0.051339,
0.051337,
0.051337,
0.051336,
0.051336,
0.051335,
0.051335,
0.051333,
0.051333,
0.051332,
0.051332,
0.051331,
0.051331,
0.051330,
0.051330,
0.051328,
0.051328,
0.051327,
0.051327,
0.051326,
0.051326,
0.051324,
0.051324,
0.051323,
0.051323,
0.051322,
0.051322,
0.051320,
0.051320,
0.051319,
0.051319,
0.051318,
0.051318,
0.051316,
0.051316,
0.051315,
0.051315,
0.051314,
0.051314,
0.051313,
0.051313,
0.051311,
0.051311,
0.051310,
0.051310,
0.051309,
0.051309,
0.051307,
0.051307,
0.051306,
0.051306,
0.051305,
0.051305,
0.051303,
0.051303,
0.051302,
0.051302,
0.051301,
0.051301,
0.051300,
0.051300,
0.051298,
0.051298,
0.051297,
0.051297,
0.051296,
0.051296,
0.051294,
0.051294,
0.051293,
0.051293,
0.051292,
0.051292,
0.051291,
0.051291,
0.051289,
0.051289,
0.051288,
0.051288,
0.051287,
0.051287,
0.051285,
0.051285,
0.051284,
0.051284,
0.051283,
0.051283,
0.051281,
0.051281,
0.051280,
0.051280,
0.051279,
0.051279,
0.051278,
0.051278,
0.051276,
0.051276,
0.051275,
0.051275,
0.051274,
0.051274,
0.051272,
0.051272,
0.051271,
0.051271,
0.051270,
0.051270,
0.051269,
0.051269,
0.051267,
0.051267,
0.051266,
0.051266,
0.051265,
0.051265,
0.051263,
0.051263,
0.051262,
0.051262,
0.051261,
0.051261,
0.051260,
0.051260,
0.051258,
0.051258,
0.051257,
0.051257,
0.051256,
0.051256,
0.051254,
0.051254,
0.051253,
0.051253,
0.051252,
0.051252,
0.051251,
0.051251,
0.051249,
0.051249,
0.051248,
0.051248,
0.051247,
0.051247,
0.051245,
0.051245,
0.051244,
0.051244,
0.051243,
0.051243,
0.051242,
0.051242,
0.051240,
0.051240,
0.051239,
0.051239,
0.051238,
0.051238,
0.051236,
0.051236,
0.051235,
0.051235,
0.051234,
0.051234,
0.051233,
0.051233,
0.051231,
0.051231,
0.051230,
0.051230,
0.051229,
0.051229,
0.051227,
0.051227,
0.051226,
0.051226,
0.051225,
0.051225,
0.051224,
0.051224,
0.051222,
0.051222,
0.051221,
0.051221,
0.051220,
0.051220,
0.051218,
0.051218,
0.051217,
0.051217,
0.051216,
0.051216,
0.051215,
0.051215,
0.051213,
0.051213,
0.051212,
0.051212,
0.051211,
0.051211,
0.051210,
0.051210,
0.051208,
0.051208,
0.051207,
0.051207,
0.051206,
0.051206,
0.051204,
0.051204,
0.051203,
0.051203,
0.051202,
0.051202,
0.051201,
0.051201,
0.051199,
0.051199,
0.051198,
0.051198,
0.051197,
0.051197,
0.051196,
0.051196,
0.051194,
0.051194,
0.051193,
0.051193,
0.051192,
0.051192,
0.051190,
0.051190,
0.051189,
0.051189,
0.051188,
0.051188,
0.051187,
0.051187,
0.051185,
0.051185,
0.051184,
0.051184,
0.051183,
0.051183,
0.051182,
0.051182,
0.051180,
0.051180,
0.051179,
0.051179,
0.051178,
0.051178,
0.051177,
0.051177,
0.051175,
0.051175,
0.051174,
0.051174,
0.051173,
0.051173,
0.051171,
0.051171,
0.051170,
0.051170,
0.051169,
0.051169,
0.051168,
0.051168,
0.051166,
0.051166,
0.051165,
0.051165,
0.051164,
0.051164,
0.051163,
0.051163,
0.051161,
0.051161,
0.051160,
0.051160,
0.051159,
0.051159,
0.051158,
0.051158,
0.051156,
0.051156,
0.051155,
0.051155,
0.051154,
0.051154,
0.051153,
0.051153,
0.051151,
0.051151,
0.051150,
0.051150,
0.051149,
0.051149,
0.051148,
0.051148,
0.051146,
0.051146,
0.051145,
0.051145,
0.051144,
0.051144,
0.051142,
0.051142,
0.051141,
0.051141,
0.051140,
0.051140,
0.051139,
0.051139,
0.051137,
0.051137,
0.051136,
0.051136,
0.051135,
0.051135,
0.051134,
0.051134,
0.051132,
0.051132,
0.051131,
0.051131,
0.051130,
0.051130,
0.051129,
0.051129,
0.051127,
0.051127,
0.051126,
0.051126,
0.051125,
0.051125,
0.051124,
0.051124,
0.051122,
0.051122,
0.051121,
0.051121,
0.051120,
0.051120,
0.051119,
0.051119,
0.051117,
0.051117,
0.051116,
0.051116,
0.051115,
0.051115,
0.051114,
0.051114,
0.051112,
0.051112,
0.051111,
0.051111,
0.051110,
0.051110,
0.051109,
0.051109,
0.051107,
0.051107,
0.051106,
0.051106,
0.051105,
0.051105,
0.051104,
0.051104,
0.051102,
0.051102,
0.051101,
0.051101,
0.051100,
0.051100,
0.051099,
0.051099,
0.051097,
0.051097,
0.051096,
0.051096,
0.051095,
0.051095,
0.051094,
0.051094,
0.051092,
0.051092,
0.051091,
0.051091,
0.051090,
0.051090,
0.051089,
0.051089,
0.051087,
0.051087,
0.051086,
0.051086,
0.051085,
0.051085,
0.051084,
0.051084,
0.051083,
0.051083,
0.051081,
0.051081,
0.051080,
0.051080,
0.051079,
0.051079,
0.051078,
0.051078,
0.051076,
0.051076,
0.051075,
0.051075,
0.051074,
0.051074,
0.051073,
0.051073,
0.051071,
0.051071,
0.051070,
0.051070,
0.051069,
0.051069,
0.051068,
0.051068,
0.051066,
0.051066,
0.051065,
0.051065,
0.051064,
0.051064,
0.051063,
0.051063,
0.051061,
0.051061,
0.051060,
0.051060,
0.051059,
0.051059,
0.051058,
0.051058,
0.051057,
0.051057,
0.051055,
0.051055,
0.051054,
0.051054,
0.051053,
0.051053,
0.051052,
0.051052,
0.051050,
0.051050,
0.051049,
0.051049,
0.051048,
0.051048,
0.051047,
0.051047,
0.051045,
0.051045,
0.051044,
0.051044,
0.051043,
0.051043,
0.051042,
0.051042,
0.051040,
0.051040,
0.051039,
0.051039,
0.051038,
0.051038,
0.051037,
0.051037,
0.051036,
0.051036,
0.051034,
0.051034,
0.051033,
0.051033,
0.051032,
0.051032,
0.051031,
0.051031,
0.051029,
0.051029,
0.051028,
0.051028,
0.051027,
0.051027,
0.051026,
0.051026,
0.051025,
0.051025,
0.051023,
0.051023,
0.051022,
0.051022,
0.051021,
0.051021,
0.051020,
0.051020,
0.051018,
0.051018,
0.051017,
0.051017,
0.051016,
0.051016,
0.051015,
0.051015,
0.051013,
0.051013,
0.051012,
0.051012,
0.051011,
0.051011,
0.051010,
0.051010,
0.051009,
0.051009,
0.051007,
0.051007,
0.051006,
0.051006,
0.051005,
0.051005,
0.051004,
0.051004,
0.051002,
0.051002,
0.051001,
0.051001,
0.051000,
0.051000,
0.050999,
0.050999,
0.050998,
0.050998,
0.050996,
0.050996,
0.050995,
0.050995,
0.050994,
0.050994,
0.050993,
0.050993,
0.050992,
0.050992,
0.050990,
0.050990,
0.050989,
0.050989,
0.050988,
0.050988,
0.050987,
0.050987,
0.050985,
0.050985,
0.050984,
0.050984,
0.050983,
0.050983,
0.050982,
0.050982,
0.050981,
0.050981,
0.050979,
0.050979,
0.050978,
0.050978,
0.050977,
0.050977,
0.050976,
0.050976,
0.050974,
0.050974,
0.050973,
0.050973,
0.050972,
0.050972,
0.050971,
0.050971,
0.050970,
0.050970,
0.050968,
0.050968,
0.050967,
0.050967,
0.050966,
0.050966,
0.050965,
0.050965,
0.050964,
0.050964,
0.050962,
0.050962,
0.050961,
0.050961,
0.050960,
0.050960,
0.050959,
0.050959,
0.050958,
0.050958,
0.050956,
0.050956,
0.050955,
0.050955,
0.050954,
0.050954,
0.050953,
0.050953,
0.050951,
0.050951,
0.050950,
0.050950,
0.050949,
0.050949,
0.050948,
0.050948,
0.050947,
0.050947,
0.050945,
0.050945,
0.050944,
0.050944,
0.050943,
0.050943,
0.050942,
0.050942,
0.050941,
0.050941,
0.050939,
0.050939,
0.050938,
0.050938,
0.050937,
0.050937,
0.050936,
0.050936,
0.050935,
0.050935,
0.050933,
0.050933,
0.050932,
0.050932,
0.050931,
0.050931,
0.050930,
0.050930,
0.050929,
0.050929,
0.050927,
0.050927,
0.050926,
0.050926,
0.050925,
0.050925,
0.050924,
0.050924,
0.050923,
0.050923,
0.050921,
0.050921,
0.050920,
0.050920,
0.050919,
0.050919,
0.050918,
0.050918,
0.050917,
0.050917,
0.050915,
0.050915,
0.050914,
0.050914,
0.050913,
0.050913,
0.050912,
0.050912,
0.050911,
0.050911,
0.050909,
0.050909,
0.050908,
0.050908,
0.050907,
0.050907,
0.050906,
0.050906,
0.050905,
0.050905,
0.050903,
0.050903,
0.050902,
0.050902,
0.050901,
0.050901,
0.050900,
0.050900,
0.050899,
0.050899,
0.050897,
0.050897,
0.050896,
0.050896,
0.050895,
0.050895,
0.050894,
0.050894,
0.050893,
0.050893,
0.050891,
0.050891,
0.050890,
0.050890,
0.050889,
0.050889,
0.050888,
0.050888,
0.050887,
0.050887,
0.050886,
0.050886,
0.050884,
0.050884,
0.050883,
0.050883,
0.050882,
0.050882,
0.050881,
0.050881,
0.050880,
0.050880,
0.050878,
0.050878,
0.050877,
0.050877,
0.050876,
0.050876,
0.050875,
0.050875,
0.050874,
0.050874,
0.050872,
0.050872,
0.050871,
0.050871,
0.050870,
0.050870,
0.050869,
0.050869,
0.050868,
0.050868,
0.050867,
0.050867,
0.050865,
0.050865,
0.050864,
0.050864,
0.050863,
0.050863,
0.050862,
0.050862,
0.050861,
0.050861,
0.050859,
0.050859,
0.050858,
0.050858,
0.050857,
0.050857,
0.050856,
0.050856,
0.050855,
0.050855,
0.050853,
0.050853,
0.050852,
0.050852,
0.050851,
0.050851,
0.050850,
0.050850,
0.050849,
0.050849,
0.050848,
0.050848,
0.050846,
0.050846,
0.050845,
0.050845,
0.050844,
0.050844,
0.050843,
0.050843,
0.050842,
0.050842,
0.050841,
0.050841,
0.050839,
0.050839,
0.050838,
0.050838,
0.050837,
0.050837,
0.050836,
0.050836,
0.050835,
0.050835,
0.050833,
0.050833,
0.050832,
0.050832,
0.050831,
0.050831,
0.050830,
0.050830,
0.050829,
0.050829,
0.050828,
0.050828,
0.050826,
0.050826,
0.050825,
0.050825,
0.050824,
0.050824,
0.050823,
0.050823,
0.050822,
0.050822,
0.050820,
0.050820,
0.050819,
0.050819,
0.050818,
0.050818,
0.050817,
0.050817,
0.050816,
0.050816,
0.050815,
0.050815,
0.050813,
0.050813,
0.050812,
0.050812,
0.050811,
0.050811,
0.050810,
0.050810,
0.050809,
0.050809,
0.050808,
0.050808,
0.050806,
0.050806,
0.050805,
0.050805,
0.050804,
0.050804,
0.050803,
0.050803,
0.050802,
0.050802,
0.050801,
0.050801,
0.050799,
0.050799,
0.050798,
0.050798,
0.050797,
0.050797,
0.050796,
0.050796,
0.050795,
0.050795,
0.050794,
0.050794,
0.050792,
0.050792,
0.050791,
0.050791,
0.050790,
0.050790,
0.050789,
0.050789,
0.050788,
0.050788,
0.050787,
0.050787,
0.050785,
0.050785,
0.050784,
0.050784,
0.050783,
0.050783,
0.050782,
0.050782,
0.050781,
0.050781,
0.050780,
0.050780,
0.050778,
0.050778,
0.050777,
0.050777,
0.050776,
0.050776,
0.050775,
0.050775,
0.050774,
0.050774,
0.050773,
0.050773,
0.050771,
0.050771,
0.050770,
0.050770,
0.050769,
0.050769,
0.050768,
0.050768,
0.050767,
0.050767,
0.050766,
0.050766,
0.050764,
0.050764,
0.050763,
0.050763,
0.050762,
0.050762,
0.050761,
0.050761,
0.050760,
0.050760,
0.050759,
0.050759,
0.050758,
0.050758,
0.050756,
0.050756,
0.050755,
0.050755,
0.050754,
0.050754,
0.050753,
0.050753,
0.050752,
0.050752,
0.050751,
0.050751,
0.050749,
0.050749,
0.050748,
0.050748,
0.050747,
0.050747,
0.050746,
0.050746,
0.050745,
0.050745,
0.050744,
0.050744,
0.050743,
0.050743,
0.050741,
0.050741,
0.050740,
0.050740,
0.050739,
0.050739,
0.050738,
0.050738,
0.050737,
0.050737,
0.050736,
0.050736,
0.050734,
0.050734,
0.050733,
0.050733,
0.050732,
0.050732,
0.050731,
0.050731,
0.050730,
0.050730,
0.050729,
0.050729,
0.050728,
0.050728,
0.050726,
0.050726,
0.050725,
0.050725,
0.050724,
0.050724,
0.050723,
0.050723,
0.050722,
0.050722,
0.050721,
0.050721,
0.050719,
0.050719,
0.050718,
0.050718,
0.050717,
0.050717,
0.050716,
0.050716,
0.050715,
0.050715,
0.050714,
0.050714,
0.050713,
0.050713,
0.050711,
0.050711,
0.050710,
0.050710,
0.050709,
0.050709,
0.050708,
0.050708,
0.050707,
0.050707,
0.050706,
0.050706,
0.050705,
0.050705,
0.050703,
0.050703,
0.050702,
0.050702,
0.050701,
0.050701,
0.050700,
0.050700,
0.050699,
0.050699,
0.050698,
0.050698,
0.050697,
0.050697,
0.050695,
0.050695,
0.050694,
0.050694,
0.050693,
0.050693,
0.050692,
0.050692,
0.050691,
0.050691,
0.050690,
0.050690,
0.050689,
0.050689,
0.050687,
0.050687,
0.050686,
0.050686,
0.050685,
0.050685,
0.050684,
0.050684,
0.050683,
0.050683,
0.050682,
0.050682,
0.050681,
0.050681,
0.050679,
0.050679,
0.050678,
0.050678,
0.050677,
0.050677,
0.050676,
0.050676,
0.050675,
0.050675,
0.050674,
0.050674,
0.050673,
0.050673,
0.050672,
0.050672,
0.050670,
0.050670,
0.050669,
0.050669,
0.050668,
0.050668,
0.050667,
0.050667,
0.050666,
0.050666,
0.050665,
0.050665,
0.050664,
0.050664,
0.050662,
0.050662,
0.050661,
0.050661,
0.050660,
0.050660,
0.050659,
0.050659,
0.050658,
0.050658,
0.050657,
0.050657,
0.050656,
0.050656,
0.050655,
0.050655,
0.050653,
0.050653,
0.050652,
0.050652,
0.050651,
0.050651,
0.050650,
0.050650,
0.050649,
0.050649,
0.050648,
0.050648,
0.050647,
0.050647,
0.050645,
0.050645,
0.050644,
0.050644,
0.050643,
0.050643,
0.050642,
0.050642,
0.050641,
0.050641,
0.050640,
0.050640,
0.050639,
0.050639,
0.050638,
0.050638,
0.050636,
0.050636,
0.050635,
0.050635,
0.050634,
0.050634,
0.050633,
0.050633,
0.050632,
0.050632,
0.050631,
0.050631,
0.050630,
0.050630,
0.050629,
0.050629,
0.050627,
0.050627,
0.050626,
0.050626,
0.050625,
0.050625,
0.050624,
0.050624,
0.050623,
0.050623,
0.050622,
0.050622,
0.050621,
0.050621,
0.050620,
0.050620,
0.050618,
0.050618,
0.050617,
0.050617,
0.050616,
0.050616,
0.050615,
0.050615,
0.050614,
0.050614,
0.050613,
0.050613,
0.050612,
0.050612,
0.050611,
0.050611,
0.050609,
0.050609,
0.050608,
0.050608,
0.050607,
0.050607,
0.050606,
0.050606,
0.050605,
0.050605,
0.050604,
0.050604,
0.050603,
0.050603,
0.050602,
0.050602,
0.050601,
0.050601,
0.050599,
0.050599,
0.050598,
0.050598,
0.050597,
0.050597,
0.050596,
0.050596,
0.050595,
0.050595,
0.050594,
0.050594,
0.050593,
0.050593,
0.050592,
0.050592,
0.050590,
0.050590,
0.050589,
0.050589,
0.050588,
0.050588,
0.050587,
0.050587,
0.050586,
0.050586,
0.050585,
0.050585,
0.050584,
0.050584,
0.050583,
0.050583,
0.050582,
0.050582,
0.050580,
0.050580,
0.050579,
0.050579,
0.050578,
0.050578,
0.050577,
0.050577,
0.050576,
0.050576,
0.050575,
0.050575,
0.050574,
0.050574,
0.050573,
0.050573,
0.050572,
0.050572,
0.050570,
0.050570,
0.050569,
0.050569,
0.050568,
0.050568,
0.050567,
0.050567,
0.050566,
0.050566,
0.050565,
0.050565,
0.050564,
0.050564,
0.050563,
0.050563,
0.050562,
0.050562,
0.050560,
0.050560,
0.050559,
0.050559,
0.050558,
0.050558,
0.050557,
0.050557,
0.050556,
0.050556,
0.050555,
0.050555,
0.050554,
0.050554,
0.050553,
0.050553,
0.050552,
0.050552,
0.050550,
0.050550,
0.050549,
0.050549,
0.050548,
0.050548,
0.050547,
0.050547,
0.050546,
0.050546,
0.050545,
0.050545,
0.050544,
0.050544,
0.050543,
0.050543,
0.050542,
0.050542,
0.050541,
0.050541,
0.050539,
0.050539,
0.050538,
0.050538,
0.050537,
0.050537,
0.050536,
0.050536,
0.050535,
0.050535,
0.050534,
0.050534,
0.050533,
0.050533,
0.050532,
0.050532,
0.050531,
0.050531,
0.050530,
0.050530,
0.050528,
0.050528,
0.050527,
0.050527,
0.050526,
0.050526,
0.050525,
0.050525,
0.050524,
0.050524,
0.050523,
0.050523,
0.050522,
0.050522,
0.050521,
0.050521,
0.050520,
0.050520,
0.050519,
0.050519,
0.050517,
0.050517,
0.050516,
0.050516,
0.050515,
0.050515,
0.050514,
0.050514,
0.050513,
0.050513,
0.050512,
0.050512,
0.050511,
0.050511,
0.050510,
0.050510,
0.050509,
0.050509,
0.050508,
0.050508,
0.050506,
0.050506,
0.050505,
0.050505,
0.050504,
0.050504,
0.050503,
0.050503,
0.050502,
0.050502,
0.050501,
0.050501,
0.050500,
0.050500,
0.050499,
0.050499,
0.050498,
0.050498,
0.050497,
0.050497,
0.050496,
0.050496,
0.050494,
0.050494,
0.050493,
0.050493,
0.050492,
0.050492,
0.050491,
0.050491,
0.050490,
0.050490,
0.050489,
0.050489,
0.050488,
0.050488,
0.050487,
0.050487,
0.050486,
0.050486,
0.050485,
0.050485,
0.050484,
0.050484,
0.050482,
0.050482,
0.050481,
0.050481,
0.050480,
0.050480,
0.050479,
0.050479,
0.050478,
0.050478,
0.050477,
0.050477,
0.050476,
0.050476,
0.050475,
0.050475,
0.050474,
0.050474,
0.050473,
0.050473,
0.050472,
0.050472,
0.050471,
0.050471,
0.050469,
0.050469,
0.050468,
0.050468,
0.050467,
0.050467,
0.050466,
0.050466,
0.050465,
0.050465,
0.050464,
0.050464,
0.050463,
0.050463,
0.050462,
0.050462,
0.050461,
0.050461,
0.050460,
0.050460,
0.050459,
0.050459,
0.050458,
0.050458,
0.050456,
0.050456,
0.050455,
0.050455,
0.050454,
0.050454,
0.050453,
0.050453,
0.050452,
0.050452,
0.050451,
0.050451,
0.050450,
0.050450,
0.050449,
0.050449,
0.050448,
0.050448,
0.050447,
0.050447,
0.050446,
0.050446,
0.050445,
0.050445,
0.050444,
0.050444,
0.050442,
0.050442,
0.050441,
0.050441,
0.050440,
0.050440,
0.050439,
0.050439,
0.050438,
0.050438,
0.050437,
0.050437,
0.050436,
0.050436,
0.050435,
0.050435,
0.050434,
0.050434,
0.050433,
0.050433,
0.050432,
0.050432,
0.050431,
0.050431,
0.050430,
0.050430,
0.050428,
0.050428,
0.050427,
0.050427,
0.050426,
0.050426,
0.050425,
0.050425,
0.050424,
0.050424,
0.050423,
0.050423,
0.050422,
0.050422,
0.050421,
0.050421,
0.050420,
0.050420,
0.050419,
0.050419,
0.050418,
0.050418,
0.050417,
0.050417,
0.050416,
0.050416,
0.050414,
0.050414,
0.050413,
0.050413,
0.050412,
0.050412,
0.050411,
0.050411,
0.050410,
0.050410,
0.050409,
0.050409,
0.050408,
0.050408,
0.050407,
0.050407,
0.050406,
0.050406,
0.050405,
0.050405,
0.050404,
0.050404,
0.050403,
0.050403,
0.050402,
0.050402,
0.050401,
0.050401,
0.050400,
0.050400,
0.050398,
0.050398,
0.050397,
0.050397,
0.050396,
0.050396,
0.050395,
0.050395,
0.050394,
0.050394,
0.050393,
0.050393,
0.050392,
0.050392,
0.050391,
0.050391,
0.050390,
0.050390,
0.050389,
0.050389,
0.050388,
0.050388,
0.050387,
0.050387,
0.050386,
0.050386,
0.050385,
0.050385,
0.050384,
0.050384,
0.050382,
0.050382,
0.050381,
0.050381,
0.050380,
0.050380,
0.050379,
0.050379,
0.050378,
0.050378,
0.050377,
0.050377,
0.050376,
0.050376,
0.050375,
0.050375,
0.050374,
0.050374,
0.050373,
0.050373,
0.050372,
0.050372,
0.050371,
0.050371,
0.050370,
0.050370,
0.050369,
0.050369,
0.050368,
0.050368,
0.050367,
0.050367,
0.050366,
0.050366,
0.050364,
0.050364,
0.050363,
0.050363,
0.050362,
0.050362,
0.050361,
0.050361,
0.050360,
0.050360,
0.050359,
0.050359,
0.050358,
0.050358,
0.050357,
0.050357,
0.050356,
0.050356,
0.050355,
0.050355,
0.050354,
0.050354,
0.050353,
0.050353,
0.050352,
0.050352,
0.050351,
0.050351,
0.050350,
0.050350,
0.050349,
0.050349,
0.050348,
0.050348,
0.050347,
0.050347,
0.050345,
0.050345,
0.050344,
0.050344,
0.050343,
0.050343,
0.050342,
0.050342,
0.050341,
0.050341,
0.050340,
0.050340,
0.050339,
0.050339,
0.050338,
0.050338,
0.050337,
0.050337,
0.050336,
0.050336,
0.050335,
0.050335,
0.050334,
0.050334,
0.050333,
0.050333,
0.050332,
0.050332,
0.050331,
0.050331,
0.050330,
0.050330,
0.050329,
0.050329,
0.050328,
0.050328,
0.050327,
0.050327,
0.050325,
0.050325,
0.050324,
0.050324,
0.050323,
0.050323,
0.050322,
0.050322,
0.050321,
0.050321,
0.050320,
0.050320,
0.050319,
0.050319,
0.050318,
0.050318,
0.050317,
0.050317,
0.050316,
0.050316,
0.050315,
0.050315,
0.050314,
0.050314,
0.050313,
0.050313,
0.050312,
0.050312,
0.050311,
0.050311,
0.050310,
0.050310,
0.050309,
0.050309,
0.050308,
0.050308,
0.050307,
0.050307,
0.050306,
0.050306,
0.050305,
0.050305,
0.050304,
0.050304,
0.050302,
0.050302,
0.050301,
0.050301,
0.050300,
0.050300,
0.050299,
0.050299,
0.050298,
0.050298,
0.050297,
0.050297,
0.050296,
0.050296,
0.050295,
0.050295,
0.050294,
0.050294,
0.050293,
0.050293,
0.050292,
0.050292,
0.050291,
0.050291,
0.050290,
0.050290,
0.050289,
0.050289,
0.050288,
0.050288,
0.050287,
0.050287,
0.050286,
0.050286,
0.050285,
0.050285,
0.050284,
0.050284,
0.050283,
0.050283,
0.050282,
0.050282,
0.050281,
0.050281,
0.050280,
0.050280,
0.050279,
0.050279,
0.050278,
0.050278,
0.050276,
0.050276,
0.050275,
0.050275,
0.050274,
0.050274,
0.050273,
0.050273,
0.050272,
0.050272,
0.050271,
0.050271,
0.050270,
0.050270,
0.050269,
0.050269,
0.050268,
0.050268,
0.050267,
0.050267,
0.050266,
0.050266,
0.050265,
0.050265,
0.050264,
0.050264,
0.050263,
0.050263,
0.050262,
0.050262,
0.050261,
0.050261,
0.050260,
0.050260,
0.050259,
0.050259,
0.050258,
0.050258,
0.050257,
0.050257,
0.050256,
0.050256,
0.050255,
0.050255,
0.050254,
0.050254,
0.050253,
0.050253,
0.050252,
0.050252,
0.050251,
0.050251,
0.050250,
0.050250,
0.050249,
0.050249,
0.050248,
0.050248,
0.050247,
0.050247,
0.050246,
0.050246,
0.050244,
0.050244,
0.050243,
0.050243,
0.050242,
0.050242,
0.050241,
0.050241,
0.050240,
0.050240,
0.050239,
0.050239,
0.050238,
0.050238,
0.050237,
0.050237,
0.050236,
0.050236,
0.050235,
0.050235,
0.050234,
0.050234,
0.050233,
0.050233,
0.050232,
0.050232,
0.050231,
0.050231,
0.050230,
0.050230,
0.050229,
0.050229,
0.050228,
0.050228,
0.050227,
0.050227,
0.050226,
0.050226,
0.050225,
0.050225,
0.050224,
0.050224,
0.050223,
0.050223,
0.050222,
0.050222,
0.050221,
0.050221,
0.050220,
0.050220,
0.050219,
0.050219,
0.050218,
0.050218,
0.050217,
0.050217,
0.050216,
0.050216,
0.050215,
0.050215,
0.050214,
0.050214,
0.050213,
0.050213,
0.050212,
0.050212,
0.050211,
0.050211,
0.050210,
0.050210,
0.050209,
0.050209,
0.050208,
0.050208,
0.050207,
0.050207,
0.050206,
0.050206,
0.050205,
0.050205,
0.050204,
0.050204,
0.050203,
0.050203,
0.050202,
0.050202,
0.050201,
0.050201,
0.050200,
0.050200,
0.050198,
0.050198,
0.050197,
0.050197,
0.050196,
0.050196,
0.050195,
0.050195,
0.050194,
0.050194,
0.050193,
0.050193,
0.050192,
0.050192,
0.050191,
0.050191,
0.050190,
0.050190,
0.050189,
0.050189,
0.050188,
0.050188,
0.050187,
0.050187,
0.050186,
0.050186,
0.050185,
0.050185,
0.050184,
0.050184,
0.050183,
0.050183,
0.050182,
0.050182,
0.050181,
0.050181,
0.050180,
0.050180,
0.050179,
0.050179,
0.050178,
0.050178,
0.050177,
0.050177,
0.050176,
0.050176,
0.050175,
0.050175,
0.050174,
0.050174,
0.050173,
0.050173,
0.050172,
0.050172,
0.050171,
0.050171,
0.050170,
0.050170,
0.050169,
0.050169,
0.050168,
0.050168,
0.050167,
0.050167,
0.050166,
0.050166,
0.050165,
0.050165,
0.050164,
0.050164,
0.050163,
0.050163,
0.050162,
0.050162,
0.050161,
0.050161,
0.050160,
0.050160,
0.050159,
0.050159,
0.050158,
0.050158,
0.050157,
0.050157,
0.050156,
0.050156,
0.050155,
0.050155,
0.050154,
0.050154,
0.050153,
0.050153,
0.050152,
0.050152,
0.050151,
0.050151,
0.050150,
0.050150,
0.050149,
0.050149,
0.050148,
0.050148,
0.050147,
0.050147,
0.050146,
0.050146,
0.050145,
0.050145,
0.050144,
0.050144,
0.050143,
0.050143,
0.050142,
0.050142,
0.050141,
0.050141,
0.050140,
0.050140,
0.050139,
0.050139,
0.050138,
0.050138,
0.050137,
0.050137,
0.050136,
0.050136,
0.050135,
0.050135,
0.050134,
0.050134,
0.050133,
0.050133,
0.050132,
0.050132,
0.050131,
vetor pesos sinapticos final:
0.702789 0.526881 0.556728 0.433036 
0.989938 1.011484 0.621641 1.012278 
0.940284 1.066967 0.823460 1.038432 
0.758058 0.551906 0.672759 1.220566 
1.093823 0.681243 0.525385 0.989602 
0.659331 0.806430 1.366475 0.771731 
0.531886 1.127668 0.798984 0.646819 
1.304401 0.868658 0.644408 1.172774 
0.737306 0.945930 1.060100 0.657042 
1.068767 0.662993 0.581204 0.656920 
0.639311 0.461602 0.992288 0.989175 
0.987222 1.260851 0.435203 1.031230 
1.070660 1.414939 0.660033 0.594113 
0.773348 0.822147 0.824223 1.149336 
1.349446 1.214676 0.747224 0.690063 
0.964119 1.161788 1.026316 1.008921 
0.986337 0.817051 0.920112 0.672454 
1.189468 0.940925 1.405692 0.474542 
0.516566 1.229814 1.315906 0.649352 
0.566585 0.483422 0.963265 0.625333 
0.456932 0.640867 1.155867 0.601499 
1.219865 1.217332 1.012705 0.727387 
1.387808 1.172408 0.483636 1.167464 
0.924903 0.741182 0.981057 0.831730 
1.160140 1.259661 1.028605 1.053722 
0.878576 0.515436 1.334462 0.996713 
1.227616 0.654967 1.193985 1.070019 
0.593167 1.178970 0.629148 1.135908 
1.103589 1.056560 1.170333 0.789309 
0.916083 0.490289 0.687011 0.490564 
0.943123 1.362417 1.173629 0.833134 
1.174300 0.894202 0.896490 0.727387 
1.250108 0.549342 0.808689 0.781527 
0.444023 0.712952 0.638365 0.661132 
0.709107 1.176833 0.557430 0.708344 
0.945076 0.962868 0.836461 0.602261 
1.142592 0.515742 1.392142 1.341420 
0.560512 0.795566 0.633512 1.329731 
0.592831 1.302570 0.513605 0.847539 
0.481103 0.564449 1.191910 0.688354 
0.528987 1.118055 1.214707 1.242906 
0.974892 0.516169 0.619382 0.811802 
1.179153 1.391287 0.868413 0.427940 
1.281787 1.106946 1.020029 0.970010 
0.987344 1.028452 1.041240 0.847844 
0.632902 0.943947 0.669860 1.041942 
1.195541 0.666869 0.731416 0.777285 
1.395377 1.351827 1.317646 0.613279 
0.550716 0.553859 0.732240 1.231004 
1.341572 0.563961 0.610746 0.698944 
1.137007 1.050548 1.120344 0.498590 
1.043925 0.539088 0.645903 1.090863 
1.332386 0.760958 0.868902 1.304981 
1.394247 1.402457 0.644896 1.330647 
0.891119 1.285723 0.586087 0.595303 
1.248369 0.512323 0.755464 1.307117 
1.150557 0.601163 1.378195 0.945290 
1.195633 1.151534 0.976998 0.479058 
1.363149 1.063091 0.837834 0.596249 
0.453423 0.843602 1.211411 0.722932 
1.153578 1.035746 1.157607 1.115369 
0.886725 1.294421 0.438774 0.805393 
1.100781 1.145644 1.367940 0.680694 
1.152663 0.958443 1.018290 0.480981 
0.444878 1.160628 0.700562 0.991495 
0.969948 1.230271 1.113874 1.214951 
0.919379 0.493585 1.076855 0.803256 
0.513453 1.260942 1.245103 0.530512 
0.707978 1.331593 0.721009 1.087903 
0.933906 1.399344 0.962868 0.982095 
0.526820 1.389486 0.898413 0.818912 
1.002084 1.258684 0.650267 0.752413 
0.831455 1.289111 0.778750 1.381613 
0.878637 1.407859 0.448326 0.875524 
1.148695 0.563015 1.424552 0.608091 
1.008493 0.687805 1.306781 1.084210 
0.533931 1.283496 0.904151 0.437614 
1.140455 1.153029 1.159804 1.282885 
1.152998 1.316303 0.530360 1.201614 
0.471612 0.637907 1.226914 0.645048 
0.989206 1.199753 1.223374 0.533808 
0.917060 0.948189 0.438682 1.336079 
0.675384 0.648558 0.999277 0.905585 
0.504144 0.677184 0.987527 0.860753 
0.451012 0.682708 0.583218 0.785891 
0.892401 0.647520 1.003458 1.036082 
1.244127 1.381399 1.147810 1.426627 
1.017649 0.977273 1.354878 0.588772 
0.878332 1.261950 1.176254 1.272570 
0.861821 0.771426 0.574398 1.378073 
1.404990 1.283648 0.450707 0.996713 
1.347401 0.438347 0.909644 1.243242 
0.560054 0.476739 1.165694 1.160323 
1.356954 0.631132 0.498926 0.476312 
1.346364 1.196365 1.166030 0.498132 
0.877630 0.814090 0.672057 0.919837 
0.740297 1.001291 1.310474 0.828587 
1.270800 0.454003 1.376272 0.689270 
0.524165 1.157973 0.959816 0.588742 
0.666350 0.836735 0.726716 0.520960 
1.243150 0.769381 0.590237 0.994699 
0.482598 0.508387 0.682617 0.744508 
1.287066 0.529017 0.531520 0.826603 
1.070446 1.342000 0.847722 0.880621 
1.097821 1.099713 0.830387 0.838841 
0.483056 1.228623 1.396231 0.863683 
0.501062 1.117505 1.238725 0.795230 
1.370534 1.394095 1.123579 0.889471 
1.163588 0.820652 1.326923 1.129133 
0.999124 1.340077 0.622160 0.887732 
1.174941 1.303485 0.722138 1.228593 
1.396109 1.410788 0.582241 0.619810 
0.754824 1.395346 0.471581 1.346547 
0.619016 0.984140 1.217576 1.401572 
1.084912 1.164443 0.530787 1.135969 
1.150496 1.288379 0.816227 0.450584 
1.265978 1.046733 1.376913 0.809970 
1.417441 0.843236 1.416465 0.859349 
1.399863 0.600003 0.746889 0.927039 
0.435844 0.526576 0.607358 1.192398 
0.796542 0.882543 0.500940 0.801151 
0.580258 1.265764 0.454796 0.709351 
1.306201 0.457176 0.610746 0.536921 
0.478204 1.353810 0.552028 1.212418 
0.776125 1.020212 1.272662 0.689789 
1.029826 1.391165 1.195602 0.518976 
0.632933 0.655181 1.146040 0.551082 
0.552333 0.851781 0.686004 0.559475 
0.589413 0.711976 0.716553 1.058391 
1.049693 1.274859 0.753664 1.099835 
0.476678 1.310535 0.784457 1.330433 
0.606900 1.080914 1.109540 1.089184 
1.201187 0.469811 1.077923 0.827427 
0.909766 1.013346 1.120924 0.632536 
0.826603 0.861882 0.991098 1.136183 
0.889319 1.204972 0.612333 0.588559 
0.781191 1.190506 0.447716 1.380239 
0.491327 0.869115 0.791171 0.791965 
1.189438 1.195328 0.889105 1.254991 
0.570919 0.616361 1.298572 0.901465 
1.329395 1.280566 1.387655 0.687957 
0.911994 1.395682 1.385153 0.872106 
1.214493 0.769106 0.884924 1.123914 
1.371847 1.060985 1.211808 1.053264 
1.300769 0.781283 0.555049 0.434806 
1.150649 0.562496 1.275561 0.911048 
1.318714 0.738801 1.293109 0.455345 
1.185989 0.763186 0.960152 1.376089 
1.230393 0.493677 1.328083 1.142775 
0.672485 0.880133 1.212082 0.816074 
1.311512 1.082226 0.961464 1.362203 
0.706177 0.550899 1.341145 0.633543 
1.358388 1.103681 0.430412 1.296710 
1.054149 0.525080 0.946327 0.488519 
1.019968 0.724427 0.896063 0.482568 
1.049022 0.980599 0.966652 1.146101 
1.254961 1.306751 0.556636 0.469384 
0.608487 0.464989 0.856877 0.949013 
0.913733 0.662749 0.886084 1.105176 
1.379934 0.462120 0.888189 0.915626 
0.445427 0.933326 0.996927 0.446526 
1.009775 0.583371 0.574215 0.462182 
0.730012 1.091870 1.128950 1.293963 
0.538173 1.384054 1.221635 0.750795 
1.035228 1.073467 1.262163 1.351735 
0.918494 0.804843 0.605893 0.661834 
1.098615 0.528590 0.855260 1.013285 
0.661834 1.238267 0.772250 1.391867 
1.334736 1.202103 0.708863 0.771334 
0.606565 1.220017 0.961281 0.675964 
1.166884 0.937111 0.953865 1.252977 
0.812870 0.745302 0.659850 0.635740 
0.484460 1.303882 1.164473 0.879797 
0.582211 1.210465 0.776766 1.251695 
1.224809 0.853765 0.596768 1.153151 
0.602017 0.979135 0.943672 0.460961 
1.080120 0.998178 0.551875 0.564266 
1.214982 0.573849 0.940742 0.880163 
1.329853 0.512293 0.864263 1.129408 
0.813816 0.492303 1.247423 1.152785 
0.797336 0.664184 0.514856 0.549953 
1.360707 0.648863 0.718415 0.921882 
0.932136 0.968606 1.369710 0.997690 
1.031718 0.440849 1.384237 0.427909 
1.016886 0.565883 1.042827 0.524806 
0.986551 0.440117 1.377096 0.731263 
0.499353 1.225938 0.884771 1.099316 
1.262926 0.709320 0.981668 0.559871 
0.449608 0.976998 1.095837 1.264818 
0.796085 0.743349 0.810917 0.782015 
1.141829 1.359700 0.964303 1.426017 
0.563472 1.035807 1.106793 0.503809 
0.761446 1.305927 1.229753 0.758699 
0.854161 1.270251 1.166060 0.791965 
1.237291 0.642668 0.571316 0.744936 
0.663329 1.136824 0.891089 1.021464 
1.198380 1.220994 1.221055 1.333210 
1.211930 0.773501 0.465630 0.848058 
1.056194 0.669829 0.702088 0.723542 
0.591153 0.832524 1.155562 0.806156 
1.211533 0.775118 0.691986 0.777865 
@@@@@@@@@@@@@@@@

qtd epocas = 2574


vetor com as saidas desejadas:
0.061100 0.286000 0.746400 0.483100 
0.510200 0.746400 0.086000 0.596500 
0.000400 0.691600 0.500600 0.531800 
0.943000 0.447600 0.264800 0.684300 
0.139900 0.161000 0.247700 0.287200 
0.642300 0.322900 0.856700 0.766300 
0.649200 0.000700 0.642200 0.566600 
0.181800 0.507800 0.904600 0.660100 
0.738200 0.264700 0.191600 0.542700 
0.387900 0.130700 0.865600 0.583600 
0.190300 0.652300 0.782000 0.695000 
0.840100 0.449000 0.271900 0.679000 
0.002900 0.326400 0.247600 0.295600 
0.708800 0.934200 0.276300 0.774200 
0.128300 0.188200 0.725300 0.466200 
0.888200 0.307700 0.893100 0.809300 
0.222500 0.918200 0.782000 0.758100 
0.195700 0.842300 0.308500 0.582600 
0.999100 0.591400 0.393300 0.793800 
y = 0.504224
y = 0.508454
y = 0.512689
y = 0.516929
y = 0.521173
y = 0.525420
y = 0.529670
y = 0.533922
y = 0.538176
y = 0.542430
y = 0.546684
y = 0.550938
y = 0.555191
y = 0.559443
y = 0.563692
y = 0.567938
y = 0.572180
y = 0.576418
y = 0.580651
y = 0.584878
